2	4	6.181271	2.934775	2.289737	6.371023	6.193904	8.197982	-7.383845	-4.954971	-5.816602	-7.072933	7.446867	6.450288	-5.802630	-2.012317	1.383747	-0.614636
10	4	-4.951593	-1.906549	-7.413540	-6.074766	6.741426	6.148499	-9.861520	-6.184124	-4.951606	-5.479281	5.513226	5.795093	6.738238	4.261264	2.862246	5.077630
12	4	3.479112	-4.271410	3.970739	5.923889	7.941424	1.603201	-11.567471	1.951816	3.502398	-3.855716	-5.055196	1.951856	-1.082398	-10.892497	3.985420	5.923889
19	4	-0.985166	3.502444	6.165338	3.166270	-6.417386	-8.179501	7.246787	6.386951	4.996657	7.043652	-3.766728	-0.919649	4.967254	6.760007	3.072867	3.154961
29	4	-5.375581	-5.666777	7.070389	6.119643	-0.152662	3.700031	4.718747	0.126517	-3.399883	-1.568156	4.720763	0.126523	5.197265	5.109268	5.890580	6.119602
40	4	-0.291548	5.592257	-4.999095	-3.237539	-0.291548	5.592254	2.965066	0.711263	-0.293176	2.626408	5.441689	5.132495	-2.854548	-4.652536	5.450298	5.132495
47	4	6.891699	3.122504	-8.144448	-4.356888	-3.248592	-3.810961	6.341896	7.038639	-3.248583	-3.809091	0.552805	7.026035	-0.667977	-0.190186	-2.158565	-2.683480
50	4	6.950457	7.835263	-2.200830	-4.546452	-1.174327	-4.481912	4.035302	0.756256	6.808592	3.319101	5.455195	6.630741	-1.174327	-8.984451	8.011177	6.632906
51	4	-2.236685	-8.964960	6.843342	7.835073	7.181815	7.361979	-6.661454	-1.159640	6.827966	3.436464	4.441029	7.835073	-0.236592	1.245414	-4.060133	-1.159640
57	4	-4.992048	-4.091624	-4.981214	-5.401142	-5.506761	-8.591276	6.793877	6.173752	5.634933	7.231527	-9.211820	-5.402062	5.036721	2.710522	3.803831	6.171372
61	4	7.976733	5.529888	-5.855421	-7.679148	7.976733	3.834331	-0.173270	4.754787	7.976733	3.743370	3.205231	4.833147	7.975978	-0.385157	3.205231	4.833147
63	4	7.253077	6.242141	-8.970561	-4.230307	-1.683222	-2.949246	-4.408425	-4.230209	-1.683238	-3.435618	8.081588	5.358607	7.253044	5.762307	3.513727	5.309227
64	4	8.243092	3.859388	-9.526613	2.944107	1.426841	-5.048792	4.393443	8.083619	4.524804	-1.686513	-4.834466	2.944114	1.426894	-4.068741	-3.957702	2.944246
65	4	1.330526	-4.379116	-4.845821	-3.093373	-4.098037	-4.426580	-4.845501	-3.093209	-4.098037	-9.821860	7.608676	6.523157	1.330526	-9.774394	7.608355	6.523156
75	4	6.559595	3.263028	-1.616929	6.780952	6.559409	3.262093	2.379540	6.904537	6.898752	9.060733	-7.974240	-5.138649	-0.188788	-7.701758	7.255857	6.904568
81	4	-6.006672	-8.046160	6.373816	6.755760	5.886986	6.910911	-8.989103	-2.654583	5.827175	3.946741	1.636278	6.473956	-4.446958	-4.916278	-3.977025	-2.586089
86	4	-4.007947	-4.943129	2.348185	0.080841	-4.007932	-4.695383	-1.157934	-4.805787	-4.007962	-8.238421	8.011489	6.046973	6.816593	6.811924	-6.630245	-4.808540
88	4	-7.202773	-2.773756	-4.637415	-3.098147	-7.202854	-2.913164	5.581024	1.174909	-7.203025	-4.606722	6.251517	7.607052	3.370259	4.029167	-5.215753	-3.102777
89	4	6.670166	6.582437	-6.758172	-0.594285	4.533143	-5.100426	6.798898	5.995627	-1.551467	-11.708858	8.214428	5.995627	-1.549484	-5.193226	-2.273190	-0.589503
90	4	5.161859	3.468164	-1.163913	7.355962	5.161843	3.468108	2.459072	8.173363	-4.150907	-8.694896	6.873008	8.173364	5.561589	6.832479	-7.512509	-1.404085
95	4	-4.054916	-7.363940	-5.797734	-2.350307	-4.054916	-12.179309	5.834190	8.207072	5.963742	4.734709	-11.741301	-2.350307	5.963608	4.670742	-8.031781	3.422648
104	4	7.357626	6.578390	-10.376323	-4.412001	-1.707311	-5.757622	-5.693585	-4.412001	-1.707314	-11.801530	5.004161	6.548537	2.956484	-7.188004	4.357822	6.547526
110	4	-2.003825	-5.200226	-0.991819	-2.216253	7.352152	6.154337	-5.820727	-4.542050	6.626642	2.095067	3.147620	5.486334	-2.098135	-9.167472	5.429583	5.486335
117	4	-5.545086	-6.394451	-6.644971	-6.705027	6.065735	5.030882	-11.080728	-6.705027	0.067848	3.113919	-6.664170	-6.705027	-6.007250	-12.336876	6.047753	5.198134
119	4	-6.538336	-10.613599	5.278863	7.337268	-6.538321	-4.164120	-2.479121	-3.172125	-6.538335	-4.851985	4.121562	2.788868	5.394909	6.505336	-10.782098	-3.756371
126	4	7.152639	3.089753	3.346072	4.933165	0.584990	2.929697	7.148219	4.933165	-2.329286	-8.057569	7.148566	4.933165	7.153454	6.064125	-1.506798	-3.601880
129	4	1.831301	3.030770	3.563089	5.828397	-4.198751	-5.442136	-7.424740	-4.331159	6.651946	6.066051	-13.260078	-4.331159	1.837267	5.337373	-7.986288	-4.331159
131	4	-4.070529	-5.201440	-6.512972	-5.913519	7.066274	6.989140	-12.145151	-5.913519	-4.772279	-8.805561	5.867149	5.606389	1.689772	6.127850	-6.513288	-5.913519
134	4	4.793589	-3.994669	4.218925	7.194928	8.557969	1.801196	-4.407192	6.322996	9.041957	7.296015	-10.439213	-0.080019	-3.155994	-7.958766	6.254754	7.241360
140	4	-4.219264	-9.291953	7.694455	6.552032	-4.219255	-4.861500	-2.661045	-3.700194	-4.219264	-9.060689	7.563881	1.525354	6.369848	5.099079	-8.783572	-4.151259
141	4	-0.760967	4.731464	-4.877053	-3.773557	-1.017964	3.417707	6.719113	6.857423	-3.425909	-1.013451	-4.877052	-3.773557	5.958355	9.500626	-10.699996	-5.001381
143	4	6.299414	7.915366	-7.144629	-5.034970	-4.615110	-1.105400	-3.805154	-1.076499	-5.796770	-8.843264	7.531523	5.430087	6.204418	2.187621	-2.063280	5.307500
148	4	8.263243	6.290260	-9.647142	-7.857991	-2.899595	-3.625420	-4.028897	-7.857991	-2.899595	-6.383837	5.203714	4.709024	-2.899595	-3.625420	1.868951	-1.832630
155	4	-3.486112	-4.563739	4.755192	6.125986	-3.486028	-0.507975	-5.313733	-4.271084	7.084387	7.908186	-7.846619	-4.515694	0.585494	5.073264	-5.314187	-4.271169
156	4	4.547762	4.452593	-6.225139	-4.737031	-2.476712	-2.724790	-3.034788	-4.736995	-2.476712	-2.724801	3.076447	0.872932	-2.478264	-10.234792	8.543615	6.893352
160	4	7.892374	8.768201	-9.902539	-6.838556	-2.962200	-2.100984	-4.086318	-6.838106	1.350625	3.915986	-4.086341	-6.838106	-3.237804	-4.010686	7.069050	5.207536
161	4	0.687169	-7.861697	6.704172	8.095840	0.687172	-4.536263	-6.072458	-3.320223	7.282031	5.021184	-9.338279	2.108232	7.282031	5.022513	-9.425397	-3.320224
165	4	5.044741	7.149317	-7.837497	-6.761686	-5.095356	-1.389390	-5.739947	-6.761686	5.044741	5.823468	2.996910	5.164864	-5.200553	-2.979942	5.473197	5.185094
168	4	-0.895636	3.095286	3.100480	-0.044045	5.534790	7.291466	-8.615935	-5.536793	-4.239900	-1.494094	-2.729734	-5.536743	-0.895635	3.095684	-2.729734	-5.536743
169	4	-0.128446	-13.943702	4.492316	7.620927	0.104097	-7.818223	-1.261805	-2.663999	6.306549	4.604006	-3.388765	-2.667873	-4.266387	-13.947225	4.552035	7.621770
172	4	-4.824027	-2.204839	-4.506596	-4.660640	-4.824029	-2.204961	2.915299	0.004699	-4.832754	-7.175085	8.014042	5.249162	6.750705	7.093280	-7.115439	-4.685540
174	4	4.342587	7.391371	-3.424896	-4.771053	-4.865334	-5.265367	-2.698663	-4.770941	-4.865336	-11.475790	6.422286	6.500104	-4.865334	-5.279894	3.062790	0.181904
187	4	1.485761	2.757559	7.616364	8.268250	1.702559	6.193631	-2.946420	-2.106274	8.005063	5.321289	2.682623	8.235186	8.005081	8.367606	-7.931860	-2.106276
192	4	-5.601868	-14.306168	-1.739908	5.543383	-5.601770	-8.743493	-7.137278	-3.290883	-5.601868	-14.474371	3.355622	7.803083	6.146034	2.833071	-10.443739	-3.297853
194	4	6.388860	7.575707	-7.703026	-5.161343	0.739549	-1.493020	2.927772	0.730307	0.739453	-7.635608	6.210853	6.396467	-4.979052	-1.532907	2.929927	0.730307
197	4	-0.155903	-8.232918	6.798012	6.782582	4.887733	-3.468545	4.242760	6.782101	5.051651	-0.850428	-3.666744	-1.038027	4.889009	-3.308629	-1.125725	5.503357
202	4	-2.531190	-6.927921	6.508787	1.802231	-2.531190	-9.376981	6.904849	7.539798	7.069153	5.686305	-8.209633	-4.697505	-2.531190	-5.955138	-2.908565	-4.697504
203	4	-6.795968	-4.794756	-7.471313	1.299587	-6.795853	-4.782959	-7.471569	-4.509469	-6.802951	-9.670068	4.365214	6.368023	5.811507	6.496964	-12.488551	1.298715
204	4	7.817344	5.546365	-11.203625	-6.828452	-2.082208	-4.269524	-4.624386	-6.822935	-3.695366	-9.569840	6.467838	5.697596	1.206923	3.206601	-4.633300	-6.823003
205	4	5.636174	6.865344	-11.446418	-2.452097	-2.318989	-1.736964	-5.096248	-2.451393	-2.318990	-5.497845	6.547270	6.660297	-0.179943	3.708154	-5.096359	-2.451394
211	4	2.286834	-2.747747	2.523135	-0.153257	2.289606	-2.713246	-2.895892	-4.732323	2.228842	-8.331141	6.477741	6.326814	-3.113761	-6.536985	-2.886245	-4.729725
212	4	6.970639	6.030600	-7.228316	-3.502879	-1.420459	-7.579796	6.282199	6.149976	-1.382950	-3.175383	-3.658774	-3.502879	5.664113	1.587758	3.752338	6.145134
221	4	-4.195943	-6.121250	6.436460	9.080591	6.277398	6.870295	-7.730349	-1.811489	-0.642339	1.946343	6.436405	9.080591	-0.319117	6.864609	-3.544439	-1.811484
224	4	-3.502304	-3.363764	-3.825261	-3.235108	8.099718	4.921532	3.346921	5.139701	8.099720	7.871278	-8.252806	-3.263642	-3.502304	-6.294415	7.788106	5.153039
233	4	-3.309100	-3.171245	-6.591652	-4.536888	4.300753	7.878753	-7.831302	-4.598783	-3.309118	-6.373296	3.738138	6.346896	4.300722	5.511849	1.921153	5.624624
234	4	-1.247405	-6.181296	-8.609724	-3.153587	7.050179	0.046719	-10.542743	-3.176679	-1.258618	-12.431935	4.064853	6.595102	7.051297	4.855707	-10.542749	-3.176680
242	4	-1.561556	-2.598327	-2.344251	1.623473	5.998559	3.684060	2.356138	6.820123	6.144591	8.050665	-6.514730	1.623358	-1.573869	-6.957834	6.508798	6.822166
248	4	-5.705897	-8.316050	3.975171	8.379072	4.685824	3.551953	2.219726	7.935840	-4.687583	-5.691016	-5.062727	-2.057552	4.762581	6.133823	-6.894098	-2.068198
249	4	-0.024617	-3.814907	1.480528	-3.232236	8.530357	6.829365	-8.280744	-6.379207	-0.024617	-3.814907	-4.769814	-6.379179	-0.024624	-9.686317	6.534209	6.087015
252	4	-1.603574	1.597136	-5.275463	-7.898994	-3.949447	0.059431	5.997691	4.738278	6.073813	6.565282	-6.080171	-7.903644	6.036938	5.074760	5.452437	4.738274
253	4	-3.506230	-11.903434	5.671361	8.696115	-3.505078	-8.118298	-0.489775	4.680324	7.075679	5.590791	-5.743026	1.886119	6.145837	0.016162	-4.979821	1.897750
254	4	-0.183747	-6.381611	-6.418676	-6.637970	6.008596	5.166998	-8.364750	-6.637987	-0.183747	-6.398535	4.760949	2.361438	-4.901864	-6.398691	4.820863	2.361539
259	4	-7.879405	-6.973769	7.149422	9.139909	4.382389	9.227821	-6.784515	-3.909811	-7.875763	-2.454412	-3.638646	-3.721097	4.367784	4.702256	4.165735	9.121623
262	4	-3.558160	-8.349276	8.304891	6.568991	-3.558156	-5.881075	-3.407332	-5.396261	6.499480	5.536791	-8.860712	-5.906787	6.135432	2.894218	2.936208	6.525202
264	4	7.946937	7.870838	-7.713806	-4.885146	-4.619130	-3.956222	-1.067614	-4.839860	-4.619130	-3.967441	4.979034	0.480712	-4.619131	-5.746550	5.360813	5.118824
265	4	-2.931521	-4.902569	-5.022552	-2.114222	-2.931522	-10.829181	7.697692	8.322808	6.567999	1.624233	-4.644328	4.429634	7.514187	7.260584	-11.079567	-2.478483
267	4	-2.699495	-10.590202	6.960404	6.212897	-2.679998	-4.237918	3.531216	0.321896	9.046406	8.694718	-6.720318	-3.725955	8.018353	2.335130	4.567399	6.194864
268	4	-1.155054	-7.908448	7.326330	7.301826	8.488813	7.546799	-6.994320	-4.157799	-1.154764	-2.833162	3.174990	1.464355	-1.154750	-2.810710	0.999168	-0.908187
270	4	5.053726	7.979600	-6.424600	-5.325583	-6.023089	-3.880185	2.846135	-1.242055	-1.988144	2.631040	-3.569070	-5.308907	-6.019278	-3.872461	-3.568446	-5.308892
281	4	-4.947648	-8.148856	6.539066	6.037188	6.712111	8.129655	-5.383536	-4.972223	-2.240021	-2.562037	-0.245698	-4.560632	-2.245937	-2.565693	4.219387	0.577125
288	4	-5.141014	-7.480957	5.236676	6.891435	-5.032165	-4.001297	-4.232311	-2.679775	8.072391	7.236541	-8.291644	-2.868877	-0.353569	0.435152	-4.378066	-2.697757
294	4	6.060898	4.250326	-2.640702	4.511780	-4.585371	-10.274667	8.787494	6.664148	5.583761	1.381805	2.453549	6.292332	-3.111179	0.084564	-0.972876	0.629956
298	4	4.540305	-0.427486	-9.777507	-5.684445	6.528675	6.818602	-9.780216	-5.684445	-3.675193	-5.656266	-5.566839	-5.680991	2.582643	-8.137539	3.982966	6.285459
300	4	6.349582	2.471920	5.644154	6.934358	-1.947228	-0.633548	-4.239432	-3.549898	-1.971946	-7.063878	7.546946	6.934358	6.488582	8.909254	-6.144331	-3.549898
301	4	-0.727872	0.820613	-4.222522	-1.674547	-6.427561	-11.573393	7.378609	7.274266	-6.427561	-5.612690	-4.222450	-1.674546	5.008835	7.325439	-9.739100	-1.688783
307	4	-7.107135	-9.919218	7.642323	6.320553	5.482934	5.197179	-5.471658	-4.627364	-1.456600	0.726622	-3.044826	-3.152725	-5.776763	-5.336089	-3.044293	-3.152265
311	4	-3.404375	-6.620414	8.107621	6.692973	1.352481	3.526831	-0.646721	-3.556466	7.488073	8.775748	-7.122361	-3.563234	1.047167	-0.169808	-0.646491	-3.556460
323	4	6.297892	7.821062	4.286808	0.095658	0.616235	1.755112	6.200733	0.097858	-2.695553	-10.495187	6.897363	6.194875	-2.527995	-4.392895	6.200770	0.097858
330	4	0.883458	-2.054702	2.832481	-3.825702	0.883459	-2.044822	-2.065299	-7.209693	6.277336	5.458712	-7.952899	-9.266535	-0.623896	-3.165650	2.832898	-3.825528
331	4	0.270492	1.557184	-6.754993	-7.901449	-2.891000	-4.297812	-6.750626	-7.901449	7.162188	6.480104	-11.951162	-7.901449	-2.899326	-5.103548	5.627849	4.313322
332	4	6.597345	6.584344	-9.590815	-4.449020	-5.672395	-5.371994	-5.813482	-4.449020	-5.672395	-11.461384	3.779528	6.525902	-5.672395	-11.456873	0.566724	6.419943
333	4	3.304828	8.433769	-6.551624	-7.472899	-7.273433	-3.469194	2.663713	-2.331301	-7.273433	-3.356785	-3.790465	-6.523220	-7.273433	-9.698866	8.065809	4.256088
337	4	6.885875	8.112141	-9.665172	-7.327986	0.347228	6.389249	2.915854	-2.186162	0.347228	6.389249	-3.143310	-7.327986	0.346694	6.277255	7.032276	3.604494
345	4	6.678281	8.187755	-7.365474	-4.793946	-5.411622	-7.627407	6.861427	7.520841	0.879135	4.802495	-2.780355	-4.387055	5.700598	2.696053	3.118355	7.518690
362	4	8.923391	5.851254	-12.783346	-5.773362	-2.203569	-5.365944	-6.633677	-5.773362	-2.203569	-10.857742	6.176045	6.598598	-2.203569	-5.391335	2.646573	0.271512
368	4	-3.239087	-6.945901	9.372463	6.827690	-3.239034	-6.660776	2.130291	-0.550660	8.219078	4.446564	5.499156	6.684434	4.296085	-1.649383	6.198845	6.741721
369	4	-3.116136	-6.482829	-4.123720	1.737121	-3.116137	-10.018520	6.453310	6.557387	-3.116129	-5.449581	-4.505081	-4.262671	7.047322	5.390695	-6.871406	1.737121
371	4	-4.991962	-9.680713	7.601823	6.145542	-4.991962	-6.960690	-3.697797	-4.567929	6.892698	5.383862	-9.404629	-4.567948	1.187837	5.317247	-3.698167	-4.567929
372	4	-6.265097	-13.146355	6.739463	6.870072	-6.265097	-7.074724	-4.488687	-2.046195	-6.265097	-7.082360	4.882851	0.942603	6.070502	4.315061	-9.739290	-3.920345
377	4	-4.934854	-8.275781	-8.340184	-4.338308	-4.944281	-14.286636	-1.941028	5.789668	-4.944311	-14.606494	4.278855	6.436075	-4.934855	-8.275971	3.759414	1.584723
382	4	4.669908	1.160877	5.221635	6.733975	-6.282213	-6.612033	8.341465	6.736060	4.705384	6.785766	-6.258893	-4.130878	-0.187712	4.317313	-2.948562	-3.419315
384	4	-2.797826	-4.541003	6.383607	2.200894	-2.797826	-7.620516	6.440043	6.976487	6.234420	4.217283	-8.521655	-4.195940	-2.797826	-4.220474	-3.818413	-4.195940
389	4	-4.183422	-7.646655	5.370445	5.946340	6.795009	5.645601	-3.125374	3.227821	1.072514	3.131764	-0.666881	3.438413	-4.178185	-5.014960	-0.523818	3.527176
393	4	2.156795	-5.526574	-3.304574	-3.492086	1.802769	-10.137224	7.735954	7.092668	6.126607	2.112666	3.080585	6.994558	6.631849	6.276111	-8.361342	-3.492087
396	4	-0.253131	-7.525753	7.066879	6.370816	0.109938	-5.273274	-5.187499	-4.875544	6.850385	4.544096	-9.734836	-4.886075	6.579665	2.590172	2.515933	5.876900
398	4	6.741045	9.043899	-7.841403	-6.457640	-4.567860	-9.024455	6.841297	5.633070	6.702883	3.790824	3.721650	5.632675	-4.567109	-3.771129	-4.843500	-6.457609
409	4	-4.718215	-4.506708	-3.676579	-4.503779	-4.718215	-7.375381	6.891529	5.426047	7.353714	4.012319	2.117740	5.403270	7.354645	6.863859	-8.397554	-4.503786
415	4	-3.848246	-8.738193	5.625058	7.346179	6.250841	6.538202	-13.145207	-5.306174	-3.848246	-3.399375	-6.626769	-5.306169	-3.848246	-3.402575	-0.656207	-0.287142
418	4	4.480752	3.143263	4.353198	6.237862	-5.759033	-2.754819	-6.437456	-4.230850	-5.759055	-4.760233	5.631878	6.254412	4.494613	5.144029	-7.731802	-4.231646
420	4	5.193935	6.523080	-8.080387	-1.523867	-6.671142	-10.224532	5.839900	6.129471	-5.511016	-6.020121	-4.277691	-0.836706	5.155516	4.598723	0.984735	4.928321
421	4	-5.027425	-9.343258	8.412654	7.304327	4.989626	8.670285	3.864613	0.917900	1.690567	6.760145	5.466154	1.027611	-4.978888	-4.199358	5.904363	1.043504
423	4	-1.566157	-7.390816	3.032271	0.146496	-1.566157	-7.390815	-5.918658	-6.436839	-1.566157	-13.412542	6.778111	6.733808	8.595791	4.794794	-8.692809	-6.436839
429	4	6.581123	7.545671	-10.661933	-6.201454	0.289452	4.140490	0.096685	-6.118737	0.289454	4.140585	-4.486016	-6.201454	0.223604	3.079642	6.568235	3.741260
432	4	-6.819351	-7.939110	-6.052507	1.567249	-6.768381	-7.286592	-7.454944	-4.828301	-6.911127	-13.518493	4.778742	6.820537	6.019699	5.627426	-10.702997	-4.828301
436	4	8.900526	5.887426	-7.249667	-4.959323	-3.806098	-4.002416	-0.821494	-4.958000	-3.807835	-4.011299	5.275883	1.187912	-3.854760	-5.993200	5.619823	6.377698
443	4	-3.756005	-10.567343	6.750804	7.559477	-3.755846	-5.212973	-2.011431	-2.158156	2.442862	1.331806	4.052341	2.585594	-3.755856	-5.236146	4.221332	2.586300
444	4	-5.883925	-5.234877	-4.022688	-3.545686	-5.883925	-5.235043	2.486778	-0.222809	6.314608	6.008948	-9.803497	-3.906148	-5.884008	-10.906658	7.789265	6.638085
446	4	6.698034	2.493721	0.479522	6.278537	-3.676781	-5.457940	7.244286	7.323173	7.277056	7.415237	-9.692428	-3.971745	-3.520075	0.345189	7.244286	7.323173
448	4	1.419575	7.638519	-4.628898	-4.034737	6.560465	8.616412	-9.447086	-4.874441	-1.697091	1.260311	-4.626471	-4.033641	1.418420	3.938018	3.617503	5.898302
452	4	-1.564504	-9.150251	6.204329	5.692842	6.568771	-0.353401	-8.705808	-2.137642	8.045702	5.856208	-8.710885	-2.137642	-0.839782	-3.207587	-2.031146	-2.076275
460	4	-0.134543	2.467781	-4.134333	-4.504513	-5.673822	-7.800995	5.542953	8.567435	6.280368	6.975537	-5.981955	2.056988	-2.679224	-1.325277	-4.134328	-4.504513
462	4	-3.642751	-1.539971	4.606087	-0.018593	-5.522664	-10.487104	6.537180	6.309716	5.777279	5.674202	1.618553	-1.813028	5.777279	5.674202	-4.647722	-2.486683
471	4	-3.199261	-3.556095	-6.899830	-3.432735	-3.514624	-9.474198	5.579329	7.507990	5.325950	5.013406	-6.096044	2.705473	5.326206	5.015915	-12.643393	-4.415343
475	4	-6.001774	-8.282797	6.459492	6.477576	4.639868	3.105090	4.546213	6.476934	5.026233	6.423205	-6.395980	-2.682428	-5.619156	-5.022536	0.373151	-2.641032
483	4	-2.149146	-11.307891	7.189597	5.305996	4.903328	1.676645	-4.724332	-6.553515	-2.148223	-7.515193	-2.806787	-6.553440	4.903271	1.676434	1.471778	-3.626760
489	4	-6.703254	-8.029618	5.064374	6.547980	-0.298028	6.764079	-2.778869	-3.062790	-6.703254	-3.948886	-2.778866	-3.062788	-0.298028	5.965574	2.902437	0.618641
490	4	-0.444984	0.436306	-2.428536	-4.758443	6.724435	5.803001	-4.898759	-4.770607	6.720720	3.966747	4.713511	5.618916	-0.639733	0.346495	4.680372	-0.808207
491	4	-5.233785	-3.631212	6.847030	9.051124	-3.423552	0.103602	-5.267355	-2.541821	0.757372	3.767970	-8.432025	-2.541821	5.186481	8.642835	-11.892105	-2.541821
493	4	-5.094592	-6.242529	3.688153	1.153367	-5.094592	-5.927946	-3.246200	-4.634511	-5.094592	-9.313860	7.009544	7.659247	7.072213	5.752632	-11.146540	-4.701260
494	4	-5.796614	-7.308499	7.389018	6.480496	-5.796614	-3.647187	-1.840061	-3.626923	6.566630	8.479979	-8.165064	-4.110078	0.258403	3.874729	-1.840112	-3.626994
498	4	-6.785062	-5.041902	-8.183359	-7.318004	5.664269	7.073477	-11.948955	-7.468120	-0.323029	3.339875	-8.183477	-7.318016	-6.785062	-7.094485	3.221585	5.065104
504	4	4.875801	8.206726	-8.587492	-6.556266	4.875771	3.573520	3.773725	5.639282	-5.669873	-1.910103	-6.916970	-6.556217	-5.670053	-6.537238	5.446242	5.640284
506	4	-3.789764	-9.761040	7.863436	6.432649	-3.789764	-5.022025	4.676309	-0.010843	5.950341	6.683345	-5.586066	-5.093978	5.946128	2.659332	2.734548	5.868245
511	4	-3.268304	-9.496542	3.974614	6.385023	-3.268304	-3.984355	-8.031426	0.129185	6.826074	7.834335	-13.961987	-5.657122	6.826074	7.834326	-13.944173	0.129185
513	4	-5.143095	-4.967460	6.844285	6.098639	-3.443096	-1.928391	-5.434853	-3.949007	0.225481	4.483926	-5.494796	-3.949007	6.676620	9.254402	-7.603567	-3.949007
514	4	-2.440791	-6.667130	7.687015	-0.146954	-2.440791	-6.667120	-3.477536	-6.273921	9.775315	2.836905	-9.965308	-6.273928	-2.440794	-9.168460	7.722600	6.309454
517	4	0.981175	-10.358000	7.371411	7.338156	4.888357	-5.502552	4.262847	7.222144	4.892015	-3.520830	-0.597668	5.361314	7.117047	6.867291	-7.034691	-2.668937
519	4	6.560503	8.628582	-7.494192	-2.770945	6.498350	5.403445	-1.149902	4.220507	-4.053937	-6.299253	5.846562	7.204858	-1.747130	-1.496322	-3.688027	-0.534574
520	4	-0.461476	3.892199	4.507369	0.538307	-6.384490	-9.773071	7.022747	5.403561	-6.351793	-3.650220	4.604979	0.538858	5.406317	8.800966	3.226697	0.517159
521	4	6.989049	2.177507	3.139059	7.394232	-4.083732	-0.256912	7.203965	2.312521	6.991659	6.959927	-8.223408	-4.242495	0.291480	0.795076	-3.001320	-4.242495
530	4	7.388931	3.469424	3.093399	5.702384	-4.529807	-9.464577	7.653872	5.702394	-4.529780	-4.162246	-1.767777	0.161797	7.393782	8.780738	-6.287443	-3.165068
533	4	-8.626356	-5.245864	-3.311097	-2.379209	-8.636682	-8.278933	6.389288	7.052411	3.734548	6.386779	-3.362191	-2.384163	3.614798	3.322281	6.357862	7.052220
535	4	2.522702	0.404457	-9.628332	-1.487653	7.948345	3.459293	1.076361	5.496442	-0.019476	-2.911716	6.575313	7.158322	8.079130	6.438489	-10.141115	-1.487653
536	4	3.283288	6.139981	-5.648669	-3.924700	-3.184609	-6.564765	-5.376638	-3.924700	-3.184609	-11.283062	6.557334	7.672350	3.277607	1.421431	6.287245	7.672348
540	4	-5.004666	-6.527241	-3.513533	-3.827708	-5.004666	-9.419895	5.936045	5.692050	1.390654	3.824831	-3.524061	-3.827708	5.169143	5.361029	-8.739470	-3.827730
541	4	6.403323	5.797259	-10.449906	-0.741157	-0.022901	2.676802	6.221992	8.487734	6.169490	3.948567	-4.437699	5.094893	0.471029	4.656916	-4.990489	-0.735276
556	4	6.931015	7.195468	-9.768855	-3.898002	2.082683	4.798470	-6.821299	-3.898002	-3.046854	-4.920963	5.803202	8.306871	6.106111	2.605413	2.870852	7.831268
557	4	-3.800930	-9.478008	6.953917	6.898709	7.407937	7.470978	-8.752650	-2.416461	-3.798843	-3.059467	-2.666261	-2.416461	-3.800930	-9.476439	-1.131051	3.442218
558	4	7.301043	6.694960	-11.532309	-6.658033	0.517992	-2.663678	0.359312	-3.356394	-2.345708	-6.705621	7.033475	5.111757	7.279669	3.435054	1.060336	4.605075
566	4	0.224806	2.768952	-5.010912	-8.394124	-2.783317	-2.126601	-4.671154	-8.394120	-2.783317	-2.126601	1.204919	-2.352689	5.677392	6.913681	-7.819465	-8.394125
568	4	8.529954	7.182823	-8.455785	1.593489	-3.159505	-5.296212	-4.670389	1.593489	8.529954	7.183052	-12.849297	-4.928999	-3.159505	-5.295973	-9.069000	-4.928999
571	4	-7.355836	-4.170469	-4.580731	-5.503760	5.473756	6.867869	-9.468369	-5.503783	-7.355836	-4.170469	1.784683	-2.495771	-7.355836	-8.876644	6.618299	5.925219
575	4	-0.526164	3.541602	-1.862625	-4.176508	-5.778434	-1.176141	-1.862402	-4.176508	5.176202	6.533740	-6.109010	-4.176614	-5.780610	-8.280379	5.298870	6.307452
577	4	8.314423	3.552048	-6.175698	-0.572516	0.399292	-2.258818	-0.896113	-0.558301	0.398374	-5.233837	8.092515	6.338299	7.234305	1.123424	2.812706	6.018859
582	4	-3.825758	-1.952889	2.127567	-0.667076	-3.908509	-4.462243	8.522178	6.662703	5.742480	6.810093	-9.681763	-5.800405	5.649086	4.434652	2.769366	6.030868
584	4	6.026218	4.959905	1.138738	-6.633003	-1.271483	-4.191559	4.640332	2.133347	-1.271476	-4.191284	-1.815002	-8.531597	6.026218	4.959905	-4.947624	-8.531736
585	4	-3.211761	-5.573030	-2.751927	-3.676723	-3.211761	-10.957563	6.573587	6.948247	6.934180	5.225830	-9.246060	-3.676723	-3.211761	-5.573051	1.648947	-1.296801
586	4	3.192370	7.821002	-8.645968	-6.937419	-5.984597	0.604428	-5.319914	-5.701044	-6.362480	-7.035024	6.928413	5.342872	3.148860	2.886357	3.813710	5.134165
596	4	-6.171504	-8.856837	6.818136	5.931026	-6.171452	-6.320394	0.856749	-3.182777	6.853782	4.421551	-0.021050	0.514183	6.853975	4.585351	-0.045575	-4.077502
599	4	5.558274	7.822882	-8.055261	-4.610872	-0.780997	4.859014	-5.764625	-4.610853	-1.366914	0.601968	7.102532	7.592911	-1.803599	-6.006418	7.116294	7.592912
601	4	-4.601215	-7.540647	-3.002067	-2.105647	-4.601215	-11.013521	6.879970	7.792115	5.763780	1.385660	3.141822	7.766990	5.790288	4.859170	-6.781503	-2.120922
604	4	8.940453	4.099212	3.502439	5.572077	6.335151	0.435557	-7.142038	-1.531441	-2.998224	-8.135651	7.347946	6.005667	8.940760	6.768202	-7.190255	-1.532025
606	4	0.383427	-11.517956	7.764606	6.873877	0.383427	-4.701271	-4.930337	-0.916917	5.873380	2.155774	-2.579049	4.687047	7.185111	5.507715	-10.404665	-0.916930
607	4	-2.585389	-4.267770	4.064243	0.400817	8.163129	7.250234	-10.295897	-6.064467	-2.584915	-4.119658	-3.657082	-6.063522	-2.587437	-7.191278	7.140161	6.676379
609	4	-7.298816	-1.619417	-1.529848	-5.595392	-7.298816	-1.619418	2.813163	0.395623	5.768013	3.686490	5.052261	6.293546	5.770672	7.253111	-4.404176	-5.602038
610	4	-2.637016	-10.797570	6.408262	5.094884	2.358292	6.634008	-2.599587	-0.059928	-2.637016	-5.870846	-1.566484	0.334561	6.559717	6.636822	-6.058718	-0.210519
617	4	-5.133255	-11.790489	6.722032	6.720911	1.473933	5.709022	-4.726994	-2.561163	7.733098	5.709140	-5.495232	-2.561163	-4.075998	-4.867727	-4.702356	-2.561163
620	4	-5.438360	-6.109101	6.835478	-0.949121	-5.438360	-6.759605	8.469401	3.550615	5.592047	4.659084	2.222928	-0.956035	5.580986	4.003228	3.876858	3.550600
621	4	-5.581104	-8.200890	6.123302	7.986298	-5.580738	-4.078609	-5.111823	-2.067707	6.360805	6.087477	-10.791787	-4.922683	6.327492	1.697147	-3.903696	6.217192
622	4	-6.046329	-7.801870	6.349862	7.596871	5.749452	6.769743	-10.936257	-0.573013	5.678644	0.380457	-10.889145	-0.572852	-6.045584	-4.920625	-5.712514	-0.406535
623	4	5.890803	6.829524	-10.552345	-4.704145	-6.035768	-8.961443	6.923360	7.259936	-6.035768	-6.129324	-4.547164	-4.704145	-0.254210	5.989772	4.043346	1.269976
632	4	-6.431432	-2.485941	3.562897	0.159046	-6.431386	-2.366401	-2.133892	-5.629000	-6.431522	-5.307814	8.630237	6.528896	5.262263	7.007228	-5.074835	-5.629081
635	4	6.859588	6.167777	-11.298536	-4.737627	-4.266609	-10.013147	5.193466	7.508662	-4.255239	-4.809479	-6.508130	-4.736300	-4.266609	-10.013091	-0.234693	7.296861
636	4	3.378624	9.326822	-3.499549	-3.426345	-1.890187	-1.424501	-2.858354	-3.426345	-2.123371	-7.231559	5.504348	6.810274	3.003836	3.409100	5.216239	6.810274
640	4	-3.626417	-3.108429	5.146785	1.002690	7.169155	8.177814	-5.218963	-4.979625	2.633856	-2.958749	-2.857389	-4.979597	-3.626421	-9.425256	7.360357	6.391041
643	4	0.239711	-9.636911	-3.968510	-5.881608	0.239711	-9.637033	6.707799	0.158351	0.239693	-12.665982	7.527174	6.240792	4.582810	0.737652	-8.435192	-5.885003
648	4	1.612842	8.521317	-6.240563	-5.052624	8.177161	9.485746	-9.532276	-5.359643	1.607053	2.729813	5.972489	6.935777	-3.118278	-3.136033	6.143376	6.943624
651	4	-4.645663	-5.384013	-4.213283	-3.509169	6.054053	3.439832	5.027697	6.799215	-4.808422	-8.476161	7.523546	6.819000	6.485392	6.545154	-7.050947	-3.520267
653	4	-7.280769	-6.280956	4.804163	2.403786	-7.280769	-5.924305	-4.105024	-3.617606	-7.280769	-8.825417	8.009468	7.088651	3.216086	2.634041	-4.376585	-3.617937
656	4	7.359973	8.966243	-4.357224	-4.952833	-1.539889	-4.103580	7.339439	7.266951	7.303482	3.082374	4.225871	7.215754	2.544710	-0.782599	6.982734	7.266500
657	4	-5.947427	-4.032414	-6.426989	-4.861185	-5.949592	-9.977204	5.248227	6.884344	0.644923	4.713042	-6.426989	-4.861185	6.468144	5.871093	-10.971968	-4.870426
660	4	5.422916	1.738106	2.029193	8.208492	6.916109	7.327847	-9.883483	-4.028750	-2.187675	0.593410	1.969113	2.045632	-3.317102	-9.028960	6.319898	8.208499
661	4	7.232771	7.761952	-6.645413	-2.333570	2.043764	-5.076989	5.501338	3.093710	2.086158	-4.961396	-3.265517	-2.333570	-1.344927	-5.107661	-2.680308	-2.333569
665	4	-3.392532	-3.233766	-4.489582	-8.326910	-0.795064	3.316069	-4.489583	-8.326910	-0.797090	3.290547	3.449390	-1.880530	-3.407704	-3.258239	3.449392	-1.880530
669	4	-5.424537	-9.010973	-4.043647	-4.783960	-5.424537	-9.021292	-1.764595	0.806412	-5.424537	-11.911721	7.726895	5.767203	6.118574	3.675069	-6.690421	0.802958
672	4	5.291416	6.220766	-3.898281	-6.437216	-2.219307	-4.996058	1.843198	-1.951246	-2.219307	-9.114214	7.679757	4.892373	4.549138	2.352535	6.207940	4.889966
675	4	-4.093516	-10.123655	6.951188	4.424095	-4.093516	-5.259101	-5.024588	-4.326891	7.521811	5.630389	-10.778056	-4.328590	1.349696	3.489211	-5.024623	-4.326891
678	4	-4.329828	-10.400161	-2.134932	7.601070	8.607341	6.848477	-12.830458	-3.973643	-4.329828	-5.804188	-6.422367	-3.930915	-4.329828	-10.400169	3.338476	7.666536
681	4	7.860678	6.514696	-11.119167	-2.064179	-1.216409	-3.888689	-5.369073	-2.064175	7.860636	5.218558	-4.619363	4.063606	-1.223440	-7.738167	5.807368	7.836838
684	4	-5.935110	-13.273475	7.796763	5.604518	0.600997	5.689986	3.304413	1.004488	-5.935110	-6.763341	-3.394788	-0.804967	5.346488	5.711122	-8.659451	-0.819396
687	4	0.493597	4.570196	-4.321725	-5.884279	4.990928	8.696042	-7.288109	-5.884279	-5.263637	-7.182502	6.853152	5.453240	4.989177	3.449791	3.891203	5.450689
696	4	8.358891	6.023407	-10.957681	-6.192999	0.133464	-3.490141	-5.665898	-6.191039	0.133464	-3.490141	0.833804	-2.737384	-0.031983	-9.360159	6.711177	6.489340
700	4	-0.884484	-2.469355	-5.917123	-5.388914	6.397930	6.540392	-8.292217	-5.388914	6.395074	4.120317	4.314687	6.407494	-0.885163	-4.888132	6.690540	6.408534
702	4	-6.554208	-9.049402	7.066175	5.452146	-0.071852	4.126190	-4.497705	-1.998884	-6.551866	-5.975861	2.833462	2.941114	4.704098	6.790009	-7.122817	-1.998884
703	4	-2.540932	-10.705767	6.264610	8.202477	-2.534500	-4.360312	-5.036513	-3.224680	7.288721	5.647034	-11.662344	-3.685871	7.288678	5.645448	-8.971833	2.040580
704	4	7.723629	8.066182	-9.371464	-5.923006	2.477258	-2.629698	7.606500	5.292132	-4.298121	-4.166737	7.877750	5.292132	-2.148492	-0.634802	-3.340703	-5.921063
709	4	6.067702	7.284790	-9.070617	-6.671060	-5.361663	-9.427877	5.752040	5.796564	-4.394249	-3.666064	-2.916663	-4.481281	0.379201	4.302592	-4.368245	-5.465897
710	4	-6.270216	-8.864169	5.283247	8.324497	4.902639	5.651420	-3.174565	3.490391	4.909767	6.539396	-6.743911	-3.180229	-6.263327	-5.154251	-4.829058	-3.175998
726	4	0.124203	-4.766117	7.079648	8.179239	7.233540	7.283496	-6.435052	-2.518863	7.233540	7.008280	-4.051942	2.187924	0.198712	-1.268356	-2.637719	-2.518829
733	4	-5.756967	-8.208136	6.705071	7.200953	-5.756925	-4.923124	-4.654687	0.900800	6.696766	7.131624	-10.785973	0.900737	-5.756925	-4.922347	-4.655456	-2.729894
739	4	5.749377	8.191586	-6.959445	-4.345947	-4.984581	-6.173862	6.005148	4.941240	-4.905784	-0.503962	-5.936668	-4.345399	0.517332	8.086487	3.114479	0.649977
742	4	-5.743554	-4.794974	-2.324478	-6.301313	-5.743607	-7.032848	5.013843	6.535511	4.469518	6.641577	-4.249682	-6.307887	4.458955	4.295018	3.051511	6.535320
747	4	-2.242974	-4.020390	-7.142977	-3.586688	7.646621	7.200309	-11.756737	-3.586689	-2.242974	-7.353331	5.285760	5.853114	0.205679	1.862378	-7.552005	-3.586688
761	4	-4.408375	-11.008655	6.738478	6.530188	-4.408375	-11.006638	5.955232	2.151793	-4.408375	-4.351109	-1.548307	-4.074664	7.949612	6.419657	-5.518891	-4.075070
763	4	-3.340031	-6.194962	-3.437098	-5.190868	-3.340031	-6.263246	2.743617	-1.093263	6.713917	5.469728	-7.918761	-6.301508	-3.340031	-9.195719	7.243732	6.112488
764	4	-4.897467	-4.211659	-10.768135	2.021119	-4.897467	-3.246426	-11.023818	-0.699022	7.304342	5.228122	-17.176377	-0.699022	7.304200	4.264548	-16.920693	2.021119
768	4	-4.541229	-2.732825	-1.683173	-8.529354	1.832405	4.337468	1.911815	-4.009752	-4.541229	-2.732840	1.936627	-3.977586	1.832405	4.337482	-1.703675	-8.538422
769	4	-3.923606	-3.455343	-6.023750	-4.338939	6.192685	7.518348	-8.902127	-4.338939	0.821399	2.866235	-6.238690	-4.338939	-3.923606	-5.633891	6.938018	6.333806
770	4	-7.170570	-4.882220	8.221186	6.864128	-7.098494	-1.910604	2.676748	-0.467007	4.906428	5.004228	5.898601	6.864002	4.908516	8.009663	-6.060105	-5.824370
774	4	6.253981	4.963219	-7.558303	-2.180315	-3.819850	-8.154438	5.176165	6.760158	-3.815719	-3.444952	-5.559001	-2.180315	0.254462	2.620062	-5.623363	-2.180315
777	4	7.604566	7.112712	2.446473	5.910396	7.604567	8.957546	-4.480994	-3.836754	0.406708	-3.784783	8.584686	6.653419	0.424676	-1.916496	5.548495	1.232703
783	4	1.873148	-7.300314	7.461354	6.684949	-2.931980	-8.294365	7.463272	6.684949	-2.931979	-3.753859	-1.911676	-4.770094	4.913556	7.283303	-5.603157	-5.220392
789	4	5.956098	6.082613	-6.496772	-6.146462	-1.548229	-6.588587	8.137860	4.409647	-1.548227	-5.631062	-3.092734	-6.146462	5.955892	5.125608	4.708032	4.409106
790	4	7.433831	6.117666	-8.939305	2.690190	1.151826	-6.361149	5.316834	8.092811	-4.764758	-9.914430	5.316837	8.092811	-4.755677	-4.596197	-3.192486	2.691083
794	4	1.724451	-6.496555	7.848491	8.684638	-2.620519	-4.184990	-3.154632	-2.771638	-2.620519	-8.149133	7.975875	8.684697	1.724453	-2.532155	-3.282018	-2.801324
795	4	-5.161037	-14.206649	5.843266	7.792437	5.681947	-2.693988	-3.532513	4.656586	-3.608797	-8.136120	-4.058543	1.304607	6.383685	3.482608	-9.550559	-0.777416
797	4	-0.082328	-4.521093	2.595007	0.359000	6.425812	6.298883	-9.112786	-6.199784	-0.082328	-4.518044	-2.662657	-3.858169	-0.082328	-10.981953	8.808107	6.513181
799	4	-3.002403	-3.998056	-2.199806	-5.335234	-3.002403	-3.998141	3.814937	0.601276	8.855092	7.971539	-8.710348	-5.402541	-3.002403	-10.579635	6.803707	6.896763
801	4	6.966792	6.266350	-7.753685	-6.513721	-4.030623	-9.170663	7.065706	4.983841	-4.030087	-3.504663	-5.228528	-6.513697	-2.040430	0.858989	-5.239334	-6.513697
802	4	5.542654	6.536373	-7.430658	-4.386428	5.542650	2.810766	5.105125	5.319344	5.378670	-1.048702	5.447239	5.319344	-5.232496	-5.774857	8.473502	5.319344
809	4	-4.103927	-4.377940	-5.452114	-2.757741	6.642457	6.765083	-11.863315	-2.757741	2.126234	4.600101	5.879777	2.894258	2.144545	6.758588	-5.846448	-2.757741
822	4	7.013476	7.070593	-8.062085	-3.167453	6.862908	3.284716	3.192829	6.236849	-4.900086	-7.800377	6.933675	6.238745	-4.899881	-3.857159	-4.284802	-3.154768
825	4	7.706147	6.622442	-6.378082	-2.896269	-3.743232	-7.051483	8.948677	6.129911	-3.743232	-3.052743	5.901532	-0.182596	7.546824	2.518995	3.080881	5.904020
839	4	6.260776	8.546985	-7.940555	-5.755854	-3.217221	-3.946816	6.636791	3.920760	-2.955384	-2.434097	-1.703779	-5.752054	-2.958898	-2.443374	3.710086	-0.223852
842	4	-5.746120	-8.191197	5.278290	6.952293	-5.746120	-5.403291	-6.905703	-3.821759	-0.439096	4.462081	-6.905707	-3.821759	5.702635	6.577046	-12.090546	-3.821891
844	4	6.388546	8.253383	-9.837411	-5.286082	-5.284937	-4.169113	-2.026400	-4.824065	-5.285108	-10.224590	6.345243	6.594210	-0.219425	4.196099	-2.159486	-4.891866
850	4	1.736293	3.489842	7.061105	5.647584	7.616030	6.381448	-7.360823	-1.382292	7.438694	3.515530	1.819156	5.633683	-4.269739	-6.849293	7.780390	5.647584
851	4	-4.365451	-3.831709	-5.072321	-0.680558	-4.456632	-7.620466	7.450959	8.161388	4.576683	7.880303	-6.255892	-1.257417	4.545240	4.088651	6.303802	8.158829
852	4	6.602063	5.570607	-10.873061	-4.562179	-2.080155	0.344827	-6.408156	-4.562179	-3.381919	-5.366555	-6.260764	-4.562179	-3.381934	-11.107639	4.919731	7.390785
858	4	9.025589	6.143898	-9.607767	-5.220301	-1.077934	-2.564298	-4.874172	-5.220301	4.735405	-4.757794	4.292648	6.897762	-1.119938	-8.089525	6.213650	6.897798
871	4	-2.051045	-7.063668	6.704919	6.092395	7.479003	4.358311	2.155282	6.079186	6.118299	-1.329172	2.161774	6.079363	7.528412	9.224195	-4.114753	-5.689841
873	4	4.809992	4.351191	5.417889	5.375820	4.865921	5.664791	2.023023	-1.743756	4.866474	5.685698	-3.890480	-7.221266	-2.143552	0.130051	3.220783	-0.462669
876	4	-4.156950	-3.437602	-4.378609	-2.422526	1.370537	7.916630	-4.383120	-2.424736	-4.162332	-9.228511	6.233595	7.258660	-4.162332	-7.491328	-0.007184	4.996295
878	4	0.139990	4.740871	-3.957636	-2.546663	-5.728990	-8.008047	7.054722	6.478039	6.692830	6.341609	-8.099275	-2.635822	-5.680845	-4.693357	-3.953530	-2.546404
894	4	-6.141738	-2.427783	-0.489644	3.952677	6.014404	4.901021	-6.207969	3.872903	-6.141742	-9.556245	5.553707	6.403826	0.348004	3.088332	-0.489644	3.952677
897	4	7.727761	5.325906	-8.633385	-1.821406	1.105103	-2.481389	-3.765715	-1.804646	-4.217505	-9.381428	6.838493	6.953293	1.099327	-8.718497	6.822295	6.953274
898	4	-2.433745	-9.462620	0.021550	5.881114	9.495802	7.026435	-11.832654	0.162937	-2.427193	-4.731497	-5.931660	0.162937	-2.433745	-11.114495	4.105689	8.468253
899	4	7.446297	5.416267	-11.475292	-2.167850	-4.027141	-12.034082	6.007277	8.912961	-4.027141	-5.729640	-5.277578	-1.918121	7.446296	4.720428	-5.818981	4.097228
902	4	8.315692	2.263830	-7.720502	-4.139723	4.875436	-3.334974	-7.718124	-4.139493	3.720033	-6.040708	1.849566	4.716761	0.363213	-13.087974	6.542119	5.135928
904	4	6.886655	7.065414	-5.345564	4.557047	-6.017362	-4.812311	6.910244	8.992864	6.883675	3.355273	0.385521	8.722683	6.886655	8.933985	-8.326359	-1.115790
909	4	-2.061476	-5.691133	6.613677	8.762742	-2.061449	-3.625718	-4.695053	-0.111164	6.625632	4.893028	5.006328	8.762693	6.630860	6.958705	-6.293682	-0.111164
910	4	-0.446320	2.386718	-5.152370	-5.565932	-3.234858	-5.780293	7.276516	6.366729	4.204651	7.297634	-7.040769	-5.565932	4.204651	4.552853	5.229876	6.366729
918	4	7.015742	6.755878	-5.853898	-3.818482	-3.455805	-2.659485	1.345720	-2.132366	-3.455805	-6.502192	6.540680	5.882392	6.975387	3.189559	3.866554	5.876509
919	4	-0.627361	-13.956751	6.998027	6.695104	5.550672	-1.050810	-10.225859	-5.233483	-0.612724	-7.471036	-4.426346	-5.232963	7.865940	4.103834	-10.348670	-5.233483
921	4	7.514412	8.415207	-8.496029	-6.093649	-0.279174	-7.021333	6.479267	4.471076	7.478139	3.367223	3.233091	4.121190	-0.279169	-2.099478	-5.251197	-5.377184
925	4	-7.481548	-0.538982	4.045502	0.746667	-7.544081	-5.182155	6.720026	6.449253	-1.803862	2.533198	0.334483	-5.581643	4.699448	5.698412	-4.073869	-5.873008
928	4	5.606536	6.853688	-8.838342	-0.527137	-6.015555	-9.269610	4.734739	5.650046	-6.015554	-3.760710	-5.200125	-0.527103	5.606536	6.810410	-7.233744	3.256859
938	4	-2.445424	-5.101069	1.614856	0.636282	7.475955	7.467154	-9.789030	-5.847231	-2.444644	-5.099842	-4.936153	-5.847168	-3.015413	-9.374212	4.092247	5.705079
939	4	8.028284	2.841617	-3.369287	5.668891	8.028287	6.033244	-9.310053	-0.112186	-0.835599	-3.242506	-3.767647	-0.109029	-0.958642	-8.118637	7.401910	9.268797
940	4	1.185963	4.279600	-3.554152	-3.963213	-2.994360	-4.706790	6.380787	6.204740	6.795526	8.555024	-9.768344	-3.963448	-0.067384	0.940763	6.380786	6.204740
943	4	5.689775	-0.556514	-10.709960	-5.623002	-4.422497	-7.375487	6.543988	7.253129	-3.251740	-4.303216	4.834563	0.856210	-3.221866	-4.255349	-4.602690	-5.623002
948	4	0.353441	3.256886	-4.973648	-3.331474	5.406519	3.280780	3.764953	6.366979	5.408429	7.126455	-7.366760	-3.333048	-5.492338	-1.491283	6.376343	6.366981
951	4	-8.321718	-3.295990	-6.933174	-5.050306	-8.321725	-5.504700	2.578461	5.705043	-8.321725	-5.455319	-1.235422	5.632960	-1.923929	3.222647	-6.933174	-5.050306
953	4	-0.277271	4.021779	5.931748	2.622476	-0.273162	4.053453	-0.856549	-3.139507	-6.648013	-6.944717	5.977909	7.149813	3.704226	6.869988	-1.390739	-3.139604
958	4	-5.093931	-3.942312	-6.403737	-5.457292	-5.093931	-6.261064	4.968045	6.387204	0.769911	2.590214	-6.403760	-5.457293	5.946357	6.965918	-12.346238	-5.468551
960	4	-7.200573	-4.451721	2.342495	-0.150476	-7.201415	-10.156973	6.258404	6.514477	5.142416	7.155105	-7.703685	-5.340356	5.079267	2.552228	2.206805	5.767594
961	4	-2.563890	-8.708165	-0.895638	7.304450	6.647604	6.730582	-14.204742	-4.604955	-2.563890	-5.840148	-7.792456	-3.238769	-2.563890	-9.087630	4.920707	7.807783
962	4	0.009328	3.425638	5.162572	1.898923	6.351896	8.517088	-10.481314	-4.547647	0.009340	3.426599	-4.276554	-4.547647	-5.073297	-7.649889	7.282865	8.002948
967	4	-1.704587	1.505643	-3.087640	-5.201927	-8.007561	-5.404482	6.432403	4.348488	-7.934916	-4.800069	-3.044059	-5.198216	4.618033	5.923049	-4.805774	-5.256993
968	4	-5.222834	-7.321952	-3.620542	-2.001126	-5.223428	-12.528031	6.172877	5.921705	-5.222834	-7.321956	3.004905	-0.633718	6.185513	4.783963	-10.133070	-4.811609
969	4	4.709593	5.974467	-9.730637	-3.021542	-3.181882	-4.825780	-8.659536	-3.021542	-3.181882	-8.941860	3.071639	9.251147	3.780994	1.841069	2.376908	9.104808
971	4	-0.846644	4.043174	-5.695217	-3.521338	-5.387358	-3.297201	3.617156	6.036948	-5.384111	-0.051136	-5.695217	-3.521338	5.124771	7.905758	-10.753712	-3.521338
972	4	6.263782	5.705715	-5.136981	-1.381937	-5.152304	0.411179	-2.759385	-0.452182	-5.364875	-0.422267	6.758948	5.150040	6.263781	5.230582	4.706049	5.146594
978	4	7.935644	5.516111	-10.196396	-4.116223	4.343979	-3.598710	2.751375	6.166568	-1.938088	-8.966790	6.046262	6.867674	-1.935747	-5.027427	-5.790697	-4.116218
980	4	-3.966340	1.185264	-5.264691	-7.155630	-5.983686	-0.503094	6.675876	4.733447	6.694616	6.409138	-9.419049	-7.155630	6.694614	5.234553	2.450031	4.547620
993	4	-6.813009	-3.658620	1.877373	-1.687405	-6.813009	-3.658620	-4.229040	-5.730166	-3.453968	1.730751	5.198381	3.284366	-0.977078	2.982079	-4.229040	-5.730166
996	4	7.525041	4.562502	-11.198789	-4.136234	-4.033892	-2.496868	-4.662920	-4.136228	-4.033892	-2.496868	0.272095	-3.968960	-4.045240	-7.474018	6.350453	5.205453
1000	4	-2.943138	-2.987307	-2.670700	-3.649288	-2.943142	-6.320391	5.997192	5.195722	-2.943138	-2.989158	2.274614	-1.181732	6.024781	7.117176	-5.090343	-4.196563
