1	3	8.025990	5.988173	-7.759920	3.905189	-1.732689	-6.864540	-2.542538	3.905193	-1.732689	-9.593227	6.522953	8.017208
3	3	7.624724	6.775370	-9.130045	-4.460598	-3.403796	-4.165036	-2.621908	-4.460594	-3.403796	-10.371270	5.639825	8.047058
6	3	5.897928	8.379458	-8.574214	-4.091885	5.897928	6.148818	2.325484	6.252738	-3.932887	-6.089964	7.373090	6.459392
8	3	-3.493765	-8.849287	-2.920094	5.788789	4.597179	6.282707	-11.801913	-0.288800	-3.493765	-8.987400	2.940908	7.074151
11	3	-3.651948	-4.457157	-4.958104	-5.788292	-3.651949	-8.289327	5.803750	6.269128	6.136929	6.483132	-9.940134	-5.795756
14	3	-6.090741	-5.378846	-6.363205	-3.026215	5.539911	6.074135	-9.245305	-3.026215	-6.092980	-10.813053	4.732039	5.694078
15	3	-1.273728	-12.753764	7.096150	6.340181	-1.273728	-8.128551	1.763155	0.303444	5.093836	3.584650	-3.520286	-3.260940
20	3	-4.993030	-9.845015	5.564097	6.925780	6.459196	7.312483	-8.485992	1.501701	-4.993027	-5.684557	-4.200296	1.524864
22	3	-7.854886	-4.974183	-4.565159	2.623492	-7.854890	-11.402954	7.950468	9.857012	5.320874	3.049936	-7.945163	2.623492
23	3	-3.022817	-1.410224	-5.280879	-5.688919	7.796240	4.724225	-10.010257	-5.688919	-4.727201	-5.091557	6.787284	6.573345
24	3	-4.769200	-0.336404	-0.016793	-3.198476	6.384827	7.901103	-6.719376	-6.055649	-5.409921	-7.008408	6.480069	4.190740
25	3	6.859539	6.323645	0.197064	-8.699633	-5.268155	-4.556501	2.932155	-2.210745	6.859539	6.323650	-5.954854	-8.742686
30	3	-1.040416	-1.482147	-3.570148	-6.177501	-0.017899	3.636768	-3.600023	-6.177504	6.252832	8.223104	-9.091382	-6.177540
31	3	4.539636	-5.236922	5.706213	7.319126	5.587275	-1.722938	-1.731169	-2.182989	8.102941	4.702343	-1.731788	-2.182990
32	3	-4.725580	-4.944423	6.913540	2.138900	7.135192	5.798536	-9.706494	-5.077926	-4.725520	-4.295341	-3.616064	-5.077625
33	3	-4.889296	-1.720038	-4.940570	-1.713430	8.073440	6.259533	-10.765444	-1.713446	-4.889302	-8.329384	3.384230	8.143324
35	3	4.916710	5.655280	-0.947681	-0.633741	2.147217	1.239342	6.916819	5.419777	3.783026	2.112405	6.118609	5.419777
37	3	-5.408016	-9.600659	5.338633	9.044353	-5.407081	-5.611631	-2.434166	-0.857625	0.023345	2.141821	-2.437452	-0.857625
38	3	5.905986	7.229891	-12.834191	-1.503552	-0.884198	-1.734251	-6.805141	-1.503550	-0.885294	-7.743469	5.157580	6.353342
44	3	-4.325698	-11.074168	6.627071	6.089878	-4.325698	-8.986274	-4.231897	-5.967851	8.153766	3.699759	-7.447656	-5.968038
46	3	7.644234	8.100188	-13.376414	-2.964447	-4.358109	-9.677380	4.645794	7.583968	-4.298973	-3.661900	-6.509634	-2.419086
48	3	-6.304173	-9.766184	7.802833	6.981764	6.604371	7.152846	-8.396578	0.588604	-6.301270	-5.220427	-2.223630	0.609288
52	3	-2.596110	-9.803434	5.715371	4.795860	-2.596110	-6.853598	-2.538043	-3.523651	7.070422	4.562065	-8.951172	-3.527718
54	3	-4.312932	-11.865290	5.367195	8.182167	-2.107662	-6.198939	-4.124661	-1.034282	5.438548	3.743051	-10.326307	-1.458675
56	3	6.997540	7.497042	-8.407029	-0.854921	0.749178	1.739540	6.104029	5.485952	-3.853228	-3.139259	6.104082	5.485956
59	3	-4.885546	-10.017546	6.812000	8.086779	-4.885546	-5.509048	-2.687665	-2.663605	7.712267	6.562941	-5.914719	-2.757948
60	3	-2.877004	-12.685276	6.116380	9.122784	-2.877004	-6.076187	-3.291610	-3.101308	5.140998	3.609759	-7.294907	-3.101319
62	3	8.468731	8.975028	-6.100503	-1.060282	0.045078	-7.785630	4.003264	7.385817	0.045078	-2.153204	-0.371670	-0.943472
69	3	-3.253575	-9.260331	6.023232	7.426150	-3.237792	-5.494059	0.042070	-4.017226	7.359292	5.466336	-12.312177	-4.184993
70	3	-0.077408	6.882009	-5.118658	-5.482716	6.369594	8.321484	-11.034771	-6.201431	-0.102224	6.188842	7.475461	6.335773
71	3	-5.569176	-12.913499	6.855022	6.809379	-5.569125	-6.420666	-1.785319	-3.166355	6.228723	6.081502	-7.481920	-3.166593
72	3	-2.675921	-4.196590	-2.901502	-7.975558	7.299792	6.867416	-6.460414	-7.976006	-2.675921	-4.196590	2.880290	-2.440642
73	3	5.309279	0.207560	3.221795	7.921859	-0.540976	-6.490318	6.385205	8.094172	5.384647	7.740576	-3.503071	1.740702
77	3	-2.285052	-7.179063	-7.203281	-6.480014	6.382273	4.084054	-13.448280	-6.480014	-2.294457	-11.570789	3.029542	5.104620
78	3	-3.789610	-6.284380	-4.082606	-0.823775	6.101010	6.134599	-6.958869	-0.824526	-3.789610	-11.708816	4.766392	7.601934
80	3	-1.379544	3.836567	-6.372036	-4.234362	4.252007	6.028718	-9.459766	-4.234362	-4.351405	-2.805961	6.624466	7.516550
83	3	-4.956950	-11.270778	8.297756	5.531176	6.042296	6.233604	-4.696800	-6.064041	-4.679965	-5.608643	-1.685604	-2.415372
92	3	7.567357	7.517200	-9.930028	-2.510602	-3.784135	-9.498271	6.754404	5.301460	-3.730156	-3.580001	-4.170105	-2.510602
94	3	-5.045718	-0.240091	-5.319535	-1.683110	-5.046102	-5.779809	5.272212	4.634595	5.427283	7.082144	-7.497499	-1.683110
96	3	7.685768	5.765803	-7.992309	-1.945848	4.632021	-7.124970	4.058403	6.081687	-0.204219	-10.037813	7.009523	6.081814
97	3	7.585382	6.790421	-7.318472	-0.351867	-2.146880	-2.735763	-0.792521	-0.349378	-2.359479	-7.962270	7.327858	6.993262
101	3	-7.191037	-12.437379	8.101628	7.338301	-7.191037	-7.501754	-2.299961	-3.899994	4.908573	3.495097	-5.534189	-3.900155
102	3	-4.187110	-6.278185	-4.474412	-6.930436	5.716407	3.388008	-8.843676	-7.028053	-4.187110	-9.938573	6.642310	4.843680
106	3	-6.026525	-5.690738	-3.560906	-7.854162	-6.026525	-9.721312	7.134941	3.997478	6.198823	4.272306	-7.848318	-7.854162
108	3	2.559459	-9.899526	5.610593	5.670546	2.561550	-5.315498	-7.418961	-5.244418	7.570676	3.464840	-9.956151	-5.244418
109	3	-4.352133	-6.989803	-4.121961	-3.302114	-4.352133	-9.740276	7.702299	7.069896	7.092815	5.811127	-10.113307	-4.222354
112	3	7.406256	4.632586	-10.251286	-5.699079	-1.566337	-11.546092	3.817800	6.376001	-1.456610	-7.809236	-4.260470	-5.684350
114	3	-5.704747	-4.663943	6.939706	0.672007	-8.181832	-6.722327	8.200511	6.422588	-5.486026	-4.572204	-2.601759	-5.532808
115	3	6.572488	6.918928	-12.634095	-3.292641	0.368779	-8.758598	-2.308099	8.575899	0.368779	-8.758598	3.943208	8.599288
118	3	5.684907	1.238993	1.949344	8.537056	5.685025	7.194666	-4.307119	3.834703	5.685025	7.898957	-8.526593	-1.653034
123	3	-8.986714	-10.958709	5.857994	7.729993	-8.986684	-4.979853	5.852089	1.534227	-8.986669	-4.791435	-6.272581	-4.656804
132	3	8.086603	2.986613	2.285604	7.016978	3.586114	-3.616691	5.954111	7.019648	8.086629	6.232392	-0.540178	-1.851834
133	3	-4.628532	-6.800994	7.145794	8.455374	7.258396	3.646915	4.582710	8.455372	7.259136	7.706141	-4.161323	-3.181802
136	3	-6.975203	-7.922077	-3.731725	-0.515820	-6.975203	-13.909478	6.023418	7.122337	4.147187	4.085277	-4.081344	-0.515821
138	3	4.590233	4.968133	-0.590864	-1.243068	-7.899788	-7.001013	3.359521	0.813586	-7.899788	-12.110376	7.530882	6.326780
139	3	-2.648394	-3.470259	-4.802162	-4.312781	8.141516	8.165546	-11.248651	-4.312792	-2.648394	-9.463902	4.265965	7.571657
142	3	-3.285060	-8.922287	4.523475	5.435009	-3.285057	-4.962613	-7.628432	-5.787349	8.032044	4.575705	-11.216791	-5.787349
146	3	7.259632	-1.320090	-9.210605	-5.780731	7.569897	5.282313	-9.506901	-5.780731	-2.122424	-10.629848	5.953140	4.733863
151	3	-6.363423	-8.667138	5.788303	6.712058	6.650845	8.419022	-6.447844	-5.639247	-6.357344	-2.316062	-4.587025	-5.639246
153	3	-2.322945	-4.270418	-6.815579	-4.800236	7.015798	6.794008	-9.936993	-4.800236	-2.322946	-7.763255	5.575818	5.638554
157	3	6.236773	2.101757	5.781565	5.667319	-4.748866	-10.182676	6.731974	5.667319	6.755048	6.321746	-1.128561	-2.332337
158	3	-5.496259	-2.665109	4.237791	0.907231	-5.496259	-2.665104	-2.459548	-5.653288	-5.496262	-8.793899	6.601823	6.126691
164	3	-6.918778	-2.852478	-6.750756	-4.033996	-6.919049	-8.885199	6.344704	6.189393	4.179197	5.385828	-9.437708	-4.037848
166	3	-2.750300	-8.511663	-4.482377	-8.730686	-2.750300	-8.511663	1.393689	-5.550410	7.807081	4.648894	-10.014721	-8.730687
171	3	-2.398866	-3.364018	0.579364	-2.394736	6.572265	7.467945	-7.929181	-2.480971	-2.400039	-9.308063	5.442734	7.020854
175	3	-4.874573	-2.919821	-5.426400	-5.877330	5.067260	5.878666	-10.940406	-5.888021	-4.874573	-9.406376	6.967991	6.847118
176	3	8.485795	8.907549	-10.080649	-3.800489	2.261012	-0.233825	-7.107581	-3.800489	2.005007	-4.466099	4.991917	7.313478
177	3	5.399841	-1.758587	6.398228	6.400238	5.417146	7.639760	2.984952	1.177128	-6.107328	-9.983007	9.093491	6.401186
180	3	6.093730	-2.531128	-11.369037	-4.070161	-2.143613	-15.146710	2.902491	8.118656	-2.134638	-8.685508	-9.419163	-4.070161
182	3	-6.745887	-4.506233	-6.061053	-4.016837	5.849413	5.584208	-11.612290	-4.016837	-6.745887	-9.595538	6.453262	6.964719
185	3	6.233363	3.739846	1.406699	4.487339	-5.219478	-8.674391	6.472913	5.472493	6.233411	7.402247	-7.246851	-6.415912
188	3	-5.281340	-7.213111	-4.207434	-2.684187	7.618735	5.537363	-9.838028	-2.684187	-5.281340	-13.729673	6.633768	7.029370
195	3	0.976600	2.138367	-5.774469	-5.141179	-3.516493	-8.551410	6.151747	6.616467	6.679127	5.755103	-12.113212	-5.141179
198	3	0.356555	-6.630916	7.675990	7.364125	8.437943	7.804681	-8.653455	-0.916885	0.356581	-4.280625	-2.624805	0.376567
199	3	-1.564374	-4.659682	-0.510532	2.816186	6.653023	6.357834	-6.749259	-6.210859	-1.564416	-5.059361	5.317493	5.663167
200	3	-2.002729	-8.075875	-4.930432	-5.775498	-2.147714	-14.498420	6.403002	4.637556	6.799500	3.697792	-6.907087	-6.342530
206	3	-5.002382	-7.023251	7.593615	6.794432	0.331461	4.364730	-5.062888	-1.849853	6.277677	5.656822	-7.964887	-1.849853
207	3	-1.586022	-7.025987	7.605870	6.058355	-1.536582	-1.030679	-1.891297	-6.084271	7.454020	5.950992	-7.522639	-6.093976
208	3	6.013940	5.803433	-9.908317	-2.301594	-1.562866	-5.729934	8.093976	5.924415	-1.562838	-1.848720	-4.146491	-2.301397
209	3	-5.033180	-10.535111	5.764948	6.233403	6.935716	6.660622	-10.617728	-2.891170	-3.734187	-4.373848	-5.179457	-1.445539
213	3	-1.201038	-9.293688	5.349206	6.133666	-1.201038	-8.705947	-0.606330	5.380159	7.282326	2.929314	-7.100498	5.378617
214	3	-6.792108	-6.256707	5.733523	9.107992	-6.703363	-0.896702	-2.849052	-0.339576	-0.268683	3.338784	-2.849053	-0.339576
216	3	-8.239219	-7.590571	7.718279	6.604461	0.418381	3.811337	3.399360	0.463832	-8.205796	-1.344620	3.399375	0.463838
217	3	1.638874	-11.802526	7.489305	6.070722	1.638874	-5.196573	-4.749165	-4.594909	4.234904	4.481503	-6.834141	-4.836529
218	3	7.009392	6.496090	-7.577629	-6.597940	-2.839250	-4.375141	-3.448163	-6.592362	-2.839260	-4.375771	3.675958	-1.939473
219	3	-6.132781	-11.983395	7.192629	7.706930	-5.998541	-0.900653	-3.668030	0.656489	6.211336	6.229930	-10.093186	0.656488
227	3	6.872156	3.755489	1.450701	3.897259	-2.855158	-2.521462	7.116495	3.897953	6.872787	4.590412	-6.517736	-5.901877
229	3	-6.150912	-4.298722	-8.984314	-1.600275	-1.458695	1.799286	-9.025611	-1.600275	-6.150912	-6.182071	2.966002	5.933415
230	3	-1.679826	-10.010111	6.223516	7.471717	6.724279	5.185879	-8.857731	-4.125062	-1.679826	-6.009520	-2.661063	-3.395527
231	3	-4.392993	-12.429833	6.440324	5.838418	-4.392993	-8.646437	5.914673	-0.201866	-4.392993	-8.504710	-0.458363	-4.638765
236	3	8.651280	6.305309	-11.060544	-2.323855	-0.539083	-3.499151	-6.001104	-2.323855	-0.539918	-9.731336	6.970936	5.971260
241	3	-4.165782	-9.896747	6.313047	7.226965	1.400847	4.595494	-5.592242	-3.914891	7.105220	6.236063	-8.130053	-3.914891
244	3	-2.555247	-12.096459	6.014605	5.843902	-2.555247	-5.937444	-6.544391	-6.093836	5.019843	5.726678	-12.307858	-6.097301
245	3	-6.425186	-9.249303	4.755873	7.740601	5.401688	6.082574	-7.864038	-2.691740	-6.425186	-4.956767	-4.859186	-2.691740
247	3	-4.031654	-3.764613	-7.307406	-6.659568	8.422407	6.481561	-13.837143	-6.659726	-4.034623	-5.256212	4.286606	5.492286
250	3	-7.754017	-3.502558	-6.847729	-3.133231	-7.754071	-6.919748	5.850086	6.766417	-7.754071	-5.885880	-0.431492	4.807698
255	3	8.151536	7.770804	-7.295565	-7.814869	-0.386321	-3.977974	-1.532941	-7.814861	-0.386333	-3.978224	2.917398	-2.479376
257	3	-4.457652	-7.735059	-6.567501	-3.376149	-4.457652	-13.553259	4.079344	7.794376	7.362872	4.357150	-12.647679	-3.377254
258	3	-2.073549	-6.198381	-7.245157	-5.019740	-3.208496	-11.698973	3.700489	4.903157	9.395651	4.259816	-13.504243	-5.019740
263	3	-3.638346	-7.977198	3.318094	0.969450	-3.638346	-7.977197	-4.742528	-5.522760	-3.638346	-12.987747	5.987843	7.163746
269	3	6.431907	5.957172	-11.428691	-3.386959	-3.332387	-10.281694	6.047712	6.899383	-3.313547	-4.703459	-6.201655	-3.382496
272	3	-6.378926	-6.806425	-5.994379	-6.129968	-6.378926	-7.772636	5.595217	4.399827	6.121547	5.562287	-11.775909	-6.129970
273	3	7.194244	7.823996	-13.113215	-7.082711	-5.024929	-1.716822	-6.615633	-7.082707	-5.432725	-4.047155	5.693324	5.037489
275	3	6.616803	6.880578	-10.543464	-1.271288	-4.161742	-9.272533	6.785327	4.890853	-4.161742	-3.818816	-1.090562	-1.267128
277	3	-6.203914	-5.752766	-1.703285	-4.439513	6.182178	6.045215	-6.878412	-4.440171	-6.203915	-8.984444	6.442518	5.582675
278	3	4.834677	-4.344726	5.531191	6.784556	-1.153888	-9.531454	7.447858	6.786139	8.299469	6.985971	-4.234440	-3.404480
279	3	7.000102	6.675785	-9.353691	-5.741185	-4.032105	-5.055569	-4.952855	-5.741185	-4.032238	-9.590784	5.515024	6.422623
280	3	-4.281225	-7.720312	7.729800	4.739257	8.243602	5.870959	-9.557102	-7.480854	-4.275780	-1.144797	-3.486546	-6.462204
283	3	0.099926	-3.133607	-4.297837	-4.347292	9.030276	8.053819	-9.046425	-5.501396	-2.071608	-7.450440	6.369211	5.686184
284	3	9.638889	5.049769	-13.971922	-7.510475	3.118051	-2.563573	-9.084201	-7.510475	-2.704072	-7.950425	-8.887447	-7.510475
286	3	-3.889866	-7.419811	-7.545891	-4.681127	5.955980	5.309516	-13.005753	-4.681127	-3.890005	-12.010822	4.415908	7.071840
291	3	8.455916	5.324183	-8.972998	-1.436953	-3.002290	-12.237695	7.587470	7.056538	-1.436687	-6.311425	-2.802451	-1.436829
292	3	5.800608	7.396121	-12.728207	-2.410877	-4.254587	-3.699743	-4.531613	-2.410784	-4.262209	-4.522872	6.185876	3.613335
296	3	-5.002919	-8.098316	7.324860	8.373441	-5.002919	-3.983185	-5.034084	-2.917090	7.284205	7.101745	-9.032574	-2.917090
297	3	-4.955559	-5.034650	-5.756616	-9.845789	0.564817	4.281992	-5.756649	-9.845789	5.824371	6.254377	-8.864070	-9.845789
302	3	4.865140	6.614271	-8.425800	-2.183927	-5.786210	-5.493315	6.915747	6.708943	4.865078	3.270703	2.257586	6.580004
304	3	7.055623	6.658578	-11.007280	-5.503823	-2.500820	0.897396	-6.036366	-5.503823	-2.618311	-8.738522	6.361447	5.845256
305	3	-4.977881	-9.346253	5.562110	6.250231	-4.977881	-7.269636	-3.553711	-0.735615	5.986388	4.557384	-5.993038	-0.735725
306	3	-7.345618	-4.055565	-4.879576	-5.029982	-7.371547	-7.158388	7.020090	7.157363	-7.367359	-5.326731	-4.834847	1.466930
308	3	9.211377	6.253790	-10.674935	-4.939450	-0.035353	-5.595979	-1.897182	-4.935989	-0.035354	-11.457472	3.691478	6.022962
310	3	-6.269433	-3.549255	-7.136577	0.344797	6.094958	9.372118	-12.948848	0.323245	-6.269688	-8.334160	4.517365	7.069419
312	3	7.744199	6.736326	-8.428056	-3.834306	6.717334	1.697621	3.691954	6.673195	3.219400	-7.201284	5.434160	6.673221
315	3	6.394719	7.726822	-10.047153	-2.538419	-3.807865	-3.469820	-6.251154	-2.538419	-3.807865	-5.871078	6.188155	7.592960
316	3	-5.165319	-13.041656	6.905565	6.015508	-5.165299	-6.753099	-2.074646	-6.417600	3.469181	5.047712	-3.855886	-6.418472
318	3	8.493144	6.755313	-11.281457	-5.523035	-2.356986	-4.935216	-4.912722	-5.523035	-2.356986	-10.938449	7.279802	6.912266
319	3	-6.141060	-10.114471	7.076972	6.258472	5.212843	6.723852	-6.452701	-3.127717	-3.938897	-4.594152	-4.035795	-3.127710
320	3	6.790519	7.645660	-8.789984	-3.764990	1.014373	-2.599808	-2.327027	-3.764987	-0.979250	-8.359485	5.965783	6.739726
321	3	6.661403	6.350420	-10.433254	-5.111932	-2.570578	-1.790170	0.212822	-4.264104	1.577376	3.420220	0.106806	-4.350941
324	3	-6.265920	-9.314453	6.601945	6.672859	-6.237331	-3.626946	-3.380553	-3.406011	5.485549	7.089167	-9.423509	-3.410195
325	3	-2.928553	-5.751898	-7.018163	2.413238	-2.928553	-9.540480	4.821750	6.056784	6.254490	2.867600	-8.630240	2.413238
326	3	-5.456529	-3.987966	-5.826694	-3.836028	-5.456530	-9.947241	6.247560	5.414633	5.244533	5.922088	-12.270598	-3.913112
327	3	-2.091279	-4.318275	8.161063	5.364333	5.702199	7.145527	-8.734815	-3.508427	-1.985612	-2.645100	-3.425467	-3.486016
334	3	8.810176	6.644263	-3.603303	-4.324892	8.806981	3.997670	4.666472	6.852912	-0.942312	-2.556713	8.643507	6.860959
338	3	-4.527419	-10.115877	7.269789	6.688361	6.054491	8.114517	-7.650254	-4.029476	-4.527419	-4.782287	-4.076285	-3.971498
339	3	-4.876488	-8.965623	7.406696	7.805042	7.391575	6.809192	-5.936666	-3.712541	7.391575	5.606026	-3.454547	3.781675
340	3	-7.462153	-8.162956	6.144994	7.425693	-7.462127	-3.137743	-3.470954	-4.087692	-2.005808	4.495881	-3.470954	-4.087692
342	3	6.631880	6.488818	-5.338872	-5.340004	-4.077733	-10.418993	7.115856	5.563038	-4.077733	-5.285435	2.647792	-0.841369
344	3	-7.022788	-9.214578	6.466317	6.769336	-3.209585	0.802799	-6.330610	-4.324303	-6.254314	-3.791161	-6.330500	-4.324303
346	3	7.760865	8.123201	-10.952417	-2.884602	-2.417757	-4.829871	-5.072854	-2.549534	-2.417783	-9.860707	4.251915	6.043860
347	3	-2.494417	-9.368791	7.867165	6.373348	8.243689	8.056838	-7.406103	2.661593	8.243689	8.660806	-7.799468	-2.481053
349	3	-1.214268	-6.501231	-1.044338	-2.212129	-1.382881	-12.405070	5.333113	6.904700	6.018782	3.249093	-9.793581	-5.406021
352	3	-3.516223	1.080452	8.900222	6.273176	-9.719108	-5.403894	8.900222	6.273176	-3.343148	3.898361	-2.911835	-2.987728
353	3	-5.204880	-3.051402	-4.614368	-5.950691	-5.204881	-8.244612	7.885683	4.844623	5.293138	6.501530	-9.794213	-5.950691
355	3	-5.466274	-6.119984	6.915014	6.340931	6.425396	5.609273	3.826800	0.905375	-5.304214	-2.612967	4.993116	1.064958
356	3	6.604703	5.777395	-5.377852	-5.578101	-1.825157	-2.406952	-3.339793	-5.127425	-2.963853	-3.938515	7.027082	4.082711
357	3	6.733069	6.234901	-8.829287	-1.944292	-2.697359	-9.699664	5.029876	8.182400	-2.697359	-4.333373	-5.222984	-1.936499
359	3	6.218002	4.047966	-8.773121	-4.315896	-0.917803	-8.495912	7.489237	6.212475	-0.917803	-6.247161	-2.220358	-4.315886
360	3	7.415536	5.903077	-8.810828	-3.829177	-4.517510	-5.886848	-5.341192	-3.827487	-4.517510	-6.763455	6.418360	3.963447
361	3	-7.705406	-4.255104	2.397245	-0.305169	-8.265451	-9.022185	8.820003	6.286835	-3.687407	2.084982	2.397245	-0.305169
363	3	-3.668766	-2.853531	-3.390366	-0.892708	6.697310	6.582213	-8.064345	-0.892709	-3.677673	-6.911535	6.513604	5.947248
366	3	-2.277884	-11.400400	6.343763	7.083484	-2.085202	-8.114482	-4.274883	-2.946829	7.047874	4.992702	-9.100202	-2.946829
367	3	-4.001796	-5.100343	3.002089	-2.074433	-4.001796	-5.100343	-1.264025	-4.887107	5.157394	3.452614	-5.222657	-6.237809
370	3	6.278587	6.539035	-9.321968	-5.191754	-0.045841	-6.100666	4.276743	4.540460	-0.045841	-5.094333	-5.553330	-5.191749
376	3	-2.957424	-7.412393	6.330802	8.872993	-2.909360	-3.396525	-4.166553	-2.206470	7.374403	5.748975	-10.689561	-2.248393
379	3	8.080568	7.377877	-10.535923	-5.119776	1.758084	7.057826	-6.808313	-5.119774	-2.602387	-5.952121	4.218847	6.288717
385	3	-3.821346	-14.984332	8.991890	6.018435	-3.815632	-9.393424	-2.258648	-3.082713	6.424382	1.769967	-8.194274	-3.154764
386	3	-3.798328	-3.715316	-3.996494	-1.885331	-3.802397	-9.722496	5.715639	6.973136	5.612289	8.081019	-7.284826	-1.885355
390	3	-3.500966	-9.295737	4.309761	7.341751	-3.500965	-4.415410	-7.158304	-1.859245	5.215551	5.635357	-9.689376	-1.885564
392	3	-1.835974	-7.291111	-3.715551	-2.481860	-1.835974	-11.472233	7.436526	6.645508	6.741416	4.239423	-11.439196	-2.481861
394	3	-4.956349	-7.588167	7.014307	6.871312	4.609819	8.456608	-7.292633	-4.825921	-4.625125	-5.006838	4.716593	1.161907
395	3	-3.272679	-9.080556	6.708289	8.859158	6.003724	4.585680	-5.339052	5.190598	6.002752	1.876904	1.054446	8.858668
397	3	-1.966798	3.026791	1.102967	-4.381771	-8.439274	-3.022553	1.164948	-4.293969	-8.441312	-8.066241	6.932722	5.985453
400	3	-9.708387	-9.205632	-3.009730	-2.994476	-9.708387	-9.268599	3.049977	0.086499	-9.708387	-11.728134	7.041644	6.715807
401	3	-5.990233	-5.936093	-2.832130	-6.481153	-5.993129	-11.234838	7.884150	5.410572	7.030358	4.913114	-5.340884	-6.481153
402	3	-5.004300	-7.757649	-5.486120	-5.506651	7.204133	3.912210	-10.793903	-5.533591	-5.004300	-11.487468	4.874612	7.247523
405	3	-5.326252	-1.818657	-6.638464	-5.018618	-5.386342	-6.980892	6.104104	6.711334	5.441510	1.120494	-11.566533	-5.018618
407	3	-6.065196	-5.666071	-5.051091	-4.483053	-6.065196	-10.491176	5.918696	7.257918	4.786344	7.025764	-6.971652	-4.483053
408	3	-0.724425	5.609319	-7.288783	-6.655655	5.761281	6.502265	-10.724265	-6.655655	-7.273069	-5.961489	1.566591	5.897075
416	3	-2.813168	-6.170394	5.199928	5.644306	-2.813161	-4.275023	-3.532213	-1.537238	7.330515	7.754916	-9.507620	-1.537241
417	3	-6.284581	-2.654038	-1.393848	-8.784188	-6.284581	-2.654041	3.577554	-2.464131	-6.323557	-3.770145	7.092665	3.911608
419	3	5.413397	6.934858	-7.068622	-3.331912	-6.979134	-1.930819	-1.087672	-3.331351	-6.979188	-5.618861	8.208249	6.067731
422	3	6.610979	8.931025	0.022106	-5.386373	6.610963	6.516336	4.176507	6.246418	-0.859057	0.011071	6.580549	6.247505
425	3	-7.387045	-11.443692	7.459629	6.655835	-7.383340	-5.219464	1.375597	-1.287301	4.989392	7.041054	-9.019005	-5.652794
426	3	7.945093	4.976580	2.810460	8.392618	8.082137	6.513400	-4.539944	-3.898547	-0.508806	-4.872434	5.290034	8.392620
427	3	-7.071645	-9.220019	-3.734489	-6.407611	-7.071647	-9.220219	2.440923	-0.941499	-7.090173	-13.371716	5.176771	5.704009
430	3	7.085200	4.873461	0.507337	-3.562563	7.085200	4.873461	-3.991402	-4.155174	-1.360828	-5.053556	9.009991	6.855042
431	3	7.643502	5.335498	-11.432281	-3.990685	-2.202245	-5.352087	-5.583479	-3.988568	-2.254397	-9.669734	6.163412	5.706897
433	3	8.198508	6.766901	-10.304921	-5.023685	-1.475847	-3.935347	-3.752658	-5.023685	-2.345221	-8.812414	4.987793	6.004811
434	3	-5.229349	-7.711873	4.957255	-0.748818	-5.229349	-13.207712	7.933190	5.789478	5.476333	2.497296	-0.199731	-4.196681
435	3	-4.656805	-0.551888	9.127292	4.981671	8.083085	7.162317	-7.494521	-4.742023	8.070033	4.522941	3.583911	4.976338
437	3	-5.045007	-6.405061	-5.658310	-4.426325	5.867139	3.183168	-7.886888	-4.426325	-5.371422	-11.588704	4.988368	5.929671
440	3	1.190899	-1.168648	-3.852932	-7.586879	7.059682	6.373951	-11.138479	-7.586880	-2.991337	-1.415302	-3.852482	-7.586879
442	3	7.689962	6.494078	-7.749495	-4.790979	-3.559261	-6.054314	5.555463	5.603570	7.439294	3.561003	3.166460	5.481501
447	3	-5.564160	-6.450513	-2.577771	-3.032196	-5.564160	-12.969804	6.624265	7.604195	5.553032	4.849079	-9.386462	-3.032200
450	3	1.359856	-8.481401	7.364805	5.211311	7.477758	5.300727	-10.668986	-5.556890	1.364745	-3.423594	-4.878133	-5.556654
453	3	-4.966229	-2.291500	-7.303014	-2.262599	6.722337	6.176857	-13.448477	-2.262599	-5.246009	-2.800973	1.389887	3.027380
454	3	6.733067	0.896232	3.153013	7.868326	3.124411	-7.768906	4.160398	7.883021	7.061465	6.796346	-7.816556	-2.338654
456	3	-3.284842	-10.591479	7.712126	5.575059	-3.284842	-4.875197	-3.561935	-1.175407	7.315401	6.668901	-9.531692	-1.175437
458	3	6.363714	7.321456	-12.153036	-7.243126	-2.336382	-3.775019	-8.430202	-7.243100	1.438880	3.899486	-8.958945	-7.243113
464	3	-6.251371	-8.432409	8.277932	5.228963	6.202617	2.693476	4.788232	5.227388	6.202620	5.593369	-8.228327	-5.953279
467	3	-7.168513	-10.773425	8.341169	6.273712	5.009812	5.854635	-6.245111	-4.192408	-6.943389	-6.511296	-2.052190	-4.192406
470	3	5.968223	6.481146	-6.435721	-2.504497	-4.614827	-10.773189	6.747037	6.458502	-4.614827	-4.730968	-3.328066	-2.464689
472	3	-4.408833	-12.854031	8.776523	6.633853	6.326773	4.908266	-4.936992	-6.014724	-4.408833	-7.517944	-1.668763	-4.497690
473	3	-2.431928	-5.017860	7.341407	8.274815	-0.236200	0.585846	7.337440	8.274795	0.115681	5.066047	-4.721390	-0.946939
478	3	5.992599	5.646368	-10.725343	-9.639155	5.977931	-0.159454	-10.725343	-9.639155	-0.093255	-3.588946	-8.868113	-9.639155
482	3	-5.011890	-3.336447	-0.916095	-1.144361	-5.011892	-9.727344	5.655305	6.293180	6.037787	7.665470	-10.262318	-4.051612
496	3	-4.235358	-11.035464	6.466179	6.261185	5.616738	5.800700	-7.473588	-4.930524	5.595650	2.141576	1.206161	5.763463
497	3	9.734676	8.759287	-5.295878	-4.167983	9.726753	2.027482	4.258595	6.631676	4.622718	-3.179814	5.143849	6.631926
499	3	-3.187183	-3.136752	-7.278788	-3.388178	-3.187206	-9.144578	5.157187	7.754184	5.340765	4.432490	-10.065638	-3.388477
500	3	-3.273664	-2.970279	-4.180489	-2.562370	-3.273711	-8.657182	6.767211	5.888087	6.578284	4.326093	-8.381634	-2.562393
501	3	6.823594	8.357961	-5.687522	-5.223375	-0.933387	-1.788518	6.575998	6.398602	1.079231	5.018557	6.551877	6.397945
503	3	-3.852963	-6.297322	-5.436470	-5.858192	-3.853284	-9.742924	7.069588	6.431919	6.282230	5.151025	-9.806539	-5.858335
505	3	6.356067	4.731687	-12.187155	-6.923232	-5.275076	-7.006117	-5.858212	-6.923232	-5.275145	-13.189116	5.755432	5.516395
507	3	-3.042368	-10.395811	5.678299	8.939123	7.869103	6.214226	-7.425889	-0.818636	-3.042368	-5.415388	-5.174988	-0.353116
508	3	-4.766882	-5.456149	8.292629	5.486875	7.646025	4.270472	3.368855	5.466462	7.646085	7.393818	-5.674295	-4.305435
510	3	-4.440433	-9.186652	6.870225	7.858672	7.123510	6.476135	-8.480532	0.748084	-4.426485	-4.417200	-1.890863	0.748232
515	3	-3.851974	-10.034983	6.327817	7.260038	-3.851968	-5.927675	-2.981841	-2.782248	6.078726	6.501120	-8.742068	-5.029128
516	3	8.218126	6.942036	-7.382315	-4.855406	-3.018919	-12.134870	7.050304	5.932100	-1.657012	-5.061693	2.061876	-1.364255
518	3	-3.283595	-6.394273	-8.305990	-6.081797	6.376725	4.400405	-10.677871	-6.081797	-3.381022	-13.028911	4.346088	6.547950
522	3	-1.820699	-1.356780	-1.790022	-1.464139	-1.882175	-7.650933	5.193901	6.018669	7.079988	6.477628	-8.546890	-1.464233
527	3	-3.318159	-11.704877	5.156636	6.871426	-3.065864	-6.516146	-6.354476	-4.769360	6.463736	4.546440	-9.705166	-4.769360
528	3	-3.194124	-6.235477	6.192966	7.010709	8.292441	7.408915	-2.990603	2.511480	8.292441	7.436657	-7.974214	-1.412241
534	3	-5.322430	-10.630065	6.972488	7.503703	-5.322429	-4.279428	5.744835	0.992103	5.685266	6.537182	4.048534	0.991998
537	3	5.362564	3.867235	1.056605	5.373125	-3.660758	-6.347050	6.872178	6.497064	5.364304	7.705295	-6.623889	-5.509839
543	3	-4.563039	-7.278326	-1.985479	3.698541	6.890651	5.220784	-5.699335	3.696719	-4.563039	-11.137247	4.772857	7.071897
544	3	-6.366093	-8.477103	7.516107	4.658830	-6.365349	-6.086409	-2.254978	-5.791070	-6.365349	-6.086409	1.572210	-2.964749
550	3	-6.601056	-6.496825	-3.388279	-6.598544	4.937696	3.537110	-5.252451	-6.602711	-6.601056	-10.104320	7.427359	6.009263
551	3	-3.068905	0.799216	3.333125	1.252573	-4.589232	-8.029789	7.477490	6.709498	6.551902	6.507941	-4.021766	-4.329969
552	3	-6.855204	-4.014059	7.766748	0.767776	-6.855863	-10.601815	9.054518	6.331979	5.243540	7.219657	5.989536	0.767775
554	3	-2.240631	-4.599556	-6.458424	-3.512309	6.734989	3.331792	-12.242234	-3.512309	-2.240631	-9.173841	2.749534	6.218970
555	3	-0.292314	1.665160	-3.689528	-5.315288	6.955090	7.782065	-8.204159	-6.807546	-5.104130	-4.200630	-3.687281	-5.313819
560	3	-4.242469	-3.901847	4.457292	-0.514509	-4.242616	-9.996371	7.510090	5.862006	7.506626	8.571674	-5.795912	-4.607701
564	3	-6.093082	-5.353326	-6.157379	-2.958571	6.394226	5.402685	-12.353001	-2.958571	-6.125277	-9.531971	5.542047	6.088741
569	3	-5.431903	-10.224547	9.142822	5.144479	6.240386	2.374566	0.598715	-4.257605	6.240386	2.374566	-2.649565	-4.488944
579	3	7.140043	7.389076	-6.759396	-0.950899	-2.286282	-10.812998	7.798826	6.200292	5.222933	0.999743	4.779281	6.199614
583	3	-0.753285	-5.010808	-3.155780	-5.144780	-0.753285	-11.495992	5.918679	5.726282	6.471877	5.329209	-9.375822	-5.147331
589	3	-2.308798	-11.428074	6.962209	9.207276	-2.257820	-6.927021	-3.321281	-0.577831	6.056253	4.037745	-7.766401	-0.577883
590	3	5.205380	3.006872	1.943446	6.786654	5.216296	7.671704	-7.791093	-1.600403	-3.183122	-2.679110	7.269918	6.794359
594	3	-2.903201	-5.169108	-1.410159	-9.183538	-2.903209	-5.208220	4.601793	-2.670733	5.698952	6.343592	-4.584368	-9.189938
595	3	6.203246	7.714427	-7.535967	-5.817464	1.022545	1.452914	4.453531	0.245240	-4.583533	-2.470256	7.013995	6.950797
598	3	-4.564324	-5.130019	8.459110	7.964956	-4.564163	-2.206307	-1.870355	2.488776	6.310992	4.623976	-7.464541	2.488709
600	3	-6.577894	-10.706474	6.129063	9.157288	6.348327	8.144035	-11.955885	0.139652	-6.577893	-4.639054	-5.874176	0.141257
603	3	6.848977	3.764431	-8.772643	-0.749387	-1.992107	-7.172007	-4.988853	-0.749387	-2.113659	-13.392027	5.923771	7.664025
612	3	7.028953	7.519577	-6.336613	-1.566705	-2.386976	-4.886494	-3.338275	-1.566705	-2.386976	-9.604261	3.200012	7.706586
613	3	7.072089	7.020076	-6.437812	-5.370061	-2.413123	-8.613504	7.237713	6.051453	6.704347	1.355864	5.502159	6.051452
619	3	-4.499880	-5.276810	2.036647	-0.344200	-4.499880	-5.276765	-3.055822	-0.967825	6.206687	6.635833	-9.430026	-0.970492
624	3	-7.889395	-2.224843	-4.826050	-4.330222	-7.889396	-7.802145	6.598705	5.888757	4.679923	6.203583	-6.210095	-4.330222
625	3	8.058300	5.887677	-16.460716	-4.537652	-4.153438	-6.093638	-10.029991	-4.537652	-4.153558	-12.150522	1.518054	6.069747
626	3	5.346715	3.361422	-0.320019	6.530182	-1.843127	-9.092246	5.843702	7.175170	5.323568	2.811464	3.745045	7.165966
627	3	-2.704794	-6.092596	-7.071147	-5.044676	7.869356	5.731034	-9.849112	-5.047600	-2.704804	-9.654946	5.665749	5.486620
628	3	-6.704989	-1.219646	-5.578979	-6.629989	3.386578	5.274496	-6.871512	-6.629989	-6.734309	-7.623397	4.427940	4.855716
629	3	-5.321063	-6.170524	-4.911959	-3.349390	-5.321063	-9.526610	3.585073	6.410341	5.429354	6.819183	-8.896767	-3.353776
631	3	6.830555	7.294806	-10.783953	-5.841417	-4.766906	-8.851653	6.275344	6.061374	-4.766874	-3.820829	-4.580447	-5.841361
637	3	-7.150232	-9.908685	6.615530	8.934749	-6.870078	-6.307891	-5.213078	-2.071391	3.164148	4.714872	-10.631633	-2.071427
641	3	-4.491984	-12.415761	5.703900	7.605916	-4.491984	-5.883565	-2.113993	-2.061415	6.474672	7.106963	-8.358549	-4.790841
644	3	-2.391520	-12.275674	6.960486	4.851969	6.311401	6.217215	-10.081164	-4.845866	-2.391520	-6.658371	-4.316316	-4.826483
645	3	-4.374161	-9.875642	6.730437	6.080189	-4.374152	-3.548549	-4.104204	-5.853153	5.836576	6.969273	-4.944049	-5.853230
650	3	-3.761679	-5.150318	-2.963995	-5.573716	8.001148	6.078735	-8.349522	-7.768810	-3.761679	-10.849222	6.625460	4.787394
652	3	-6.123918	-6.475737	3.642352	-0.158397	-6.123918	-8.262207	4.870059	5.959864	6.669742	5.502978	-8.867801	-1.714772
654	3	6.181323	6.594116	-8.366371	-5.812764	-5.399853	-3.110650	-2.457932	-5.810153	-5.447402	-8.803091	7.414813	4.163606
655	3	-3.762525	-12.565573	4.568938	7.883976	-3.761425	-6.960530	-6.918753	-1.013259	6.403393	3.210854	-13.167162	-1.013390
662	3	6.067658	6.762346	-6.307355	-5.688543	-2.738489	-7.310737	5.930558	6.409849	6.065136	-1.994011	3.359492	6.154283
663	3	-4.396679	-6.644169	-1.323619	-6.831879	-4.614837	-11.465598	4.899553	5.157997	3.645884	3.576841	-4.518866	-6.846252
664	3	-7.857184	-8.296133	6.954348	7.848383	-7.066811	-2.765022	-5.092018	-2.559277	-1.637512	3.675954	-5.092023	-2.559277
667	3	7.577146	8.619216	-11.919744	-5.443422	-3.393725	-3.823407	4.798896	6.688369	0.122435	0.221643	4.798330	6.688313
670	3	-3.342176	-1.117073	-4.845500	-7.072586	6.698654	6.376752	-7.603470	-7.072586	-3.346938	-4.629487	4.493396	5.301035
676	3	-1.610267	-10.091297	7.081304	7.678547	7.980797	4.313746	-8.506647	-4.549167	-1.610257	-4.715871	-3.643838	-3.367176
680	3	5.644786	6.397428	-7.914392	-4.013449	-1.869497	-4.302386	-3.462812	-3.602189	-5.335344	-8.045264	6.354572	4.892005
683	3	-4.991174	-3.159588	-0.415160	-1.842310	1.239429	3.549231	-5.548551	-7.710003	7.864633	6.198582	-8.301453	-7.716277
685	3	-6.217161	-5.424221	-5.872561	-3.867980	-6.218758	-10.263437	4.454998	8.852802	4.487806	3.411376	-7.677134	-3.867980
686	3	-5.429397	-5.488848	-6.966002	-5.579727	6.924430	6.145666	-12.135023	-5.579865	0.630369	3.377711	-6.966003	-5.579727
692	3	6.470391	6.014616	-9.906253	-1.813725	-4.818049	-2.513190	-4.249323	-1.813725	-4.818053	-5.934374	6.170114	6.665168
693	3	-4.489584	-5.479063	5.461361	1.077556	-4.489584	-10.234934	6.581528	6.836159	5.853539	7.000100	-6.772897	-4.836282
699	3	2.379400	5.942140	-5.766546	-5.651644	-4.534190	-3.609369	-5.159187	-5.651602	-4.534191	-9.879058	6.517586	5.542781
707	3	-7.087492	-4.411499	1.265511	-3.049283	-7.087492	-5.163675	5.925281	4.650590	5.074490	5.230993	-2.203156	-5.051287
708	3	6.210147	6.714176	-7.032102	-7.737709	1.076212	4.846167	0.084309	-2.654853	-4.196958	-4.994891	0.178319	-2.495195
714	3	-5.679085	-9.589801	3.804783	7.359617	-0.592088	2.044406	-7.125872	-4.929908	5.086478	7.684104	-8.796003	-4.930743
715	3	-5.728558	-5.847750	-4.812364	-5.631050	5.252001	6.417725	-10.469223	-5.631052	-5.729919	-8.006528	5.276658	5.762490
717	3	-2.635911	-3.954952	-4.172727	3.378862	-2.636388	-8.736901	3.247314	8.224525	7.795700	5.185513	-10.575617	3.368876
718	3	-5.445512	-3.493568	3.359693	-0.493220	4.550685	6.760084	-1.095571	-7.047843	-5.463482	-8.969167	9.000934	5.183668
720	3	0.293899	1.224337	-6.060481	-2.112985	-2.805051	-5.228163	-6.057107	-2.112984	-2.805057	-11.511377	6.497625	6.683394
722	3	-5.547609	-2.241235	3.898042	0.051140	-5.545156	-1.886039	-4.828981	-7.847740	6.676508	8.163081	-6.776740	-7.847740
723	3	6.701857	8.451759	-3.384454	-4.201163	6.174190	2.690742	1.283426	5.529232	-2.161134	-8.370998	7.324559	6.645722
724	3	-2.414336	-5.605389	5.024545	1.426526	-2.414336	-8.593558	8.722911	7.190144	6.788234	5.062400	-7.992962	-2.663876
727	3	-5.921843	-7.890203	-6.350687	-2.070989	-5.921843	-14.235468	6.282097	6.380650	6.773916	3.389577	-11.543205	-2.110788
728	3	-8.313044	-8.033426	7.943255	7.193015	-8.313033	-3.141291	-2.884264	-4.121772	-8.077813	0.492179	-2.884264	-4.121772
730	3	6.482660	7.890906	-13.060129	-2.336677	0.948922	3.040304	-9.582864	-2.336657	-0.328842	-3.545487	-8.646364	-2.336603
732	3	-2.533610	-6.789857	-3.652318	-1.722893	-2.533610	-12.315178	7.056898	8.356783	4.298275	3.853041	-5.350032	-1.722894
736	3	4.683004	-0.262450	5.055837	7.232434	5.838056	6.494681	-6.523005	-2.797008	-4.443688	-6.509435	7.864111	7.254226
738	3	-3.157752	-2.943544	6.525651	7.405145	5.933803	8.377197	-7.136284	-0.757973	5.933786	5.544359	4.584043	7.405096
740	3	-0.865401	-1.971975	-6.241077	-6.263663	6.343418	6.371479	-11.729060	-6.269202	-2.240905	-8.189689	5.652983	5.939553
741	3	2.658732	4.489474	-3.668504	-2.052070	-3.000006	-10.301275	8.050397	8.546804	5.193309	7.267409	-6.339099	-2.782367
743	3	5.513772	9.542302	-7.471158	-2.465672	-5.664234	-0.253851	4.958145	8.097834	5.513772	6.375729	3.156409	8.084578
748	3	-5.773769	-8.874853	5.227891	7.678472	5.826235	3.876099	-5.276106	-3.154449	-5.339260	-2.616858	1.833379	0.719366
750	3	-1.566908	0.670983	-7.266843	-4.996706	-3.638265	-4.428535	-7.157739	-4.996683	-4.134458	-6.258209	4.820468	5.975078
751	3	8.997341	7.078410	2.153112	-1.673943	8.997341	7.078410	-4.006200	-4.407417	8.903800	5.605749	4.933264	4.694613
756	3	-3.021647	-7.627650	7.956096	5.760584	8.550916	6.579878	-5.875590	-5.359776	-3.021186	-3.473217	-0.612306	-5.352361
758	3	7.134488	6.871223	-2.330117	-5.164521	6.212170	-1.633575	6.039953	7.090851	0.004914	-7.884389	6.438797	7.090854
762	3	-2.872152	-5.716949	-4.082779	-5.464705	6.371520	6.616736	-6.679519	-5.464705	-2.872152	-10.587324	7.118395	6.670340
765	3	2.012509	-7.151749	4.945595	5.945914	9.047490	7.179696	-7.818025	-3.630679	-4.118321	-7.153308	5.415707	5.946048
773	3	0.223232	-5.445372	-6.408981	-1.505944	0.223223	-8.203635	6.005125	6.535725	7.720792	4.221394	-12.077160	-1.505944
779	3	7.183693	6.441336	-10.045160	-4.206890	0.045995	-8.956700	5.468650	7.061121	0.045995	-4.039762	-5.066685	-3.416236
780	3	-0.759380	-3.805746	-8.386353	-7.206524	8.090822	6.325787	-13.186253	-7.206524	-0.759424	-9.391771	3.021174	5.244850
781	3	8.438755	6.493327	-9.338201	-6.185461	1.123672	-5.180295	7.467626	5.816752	1.150580	-3.336514	6.053448	0.735550
784	3	6.794085	2.288669	-7.555672	-1.075574	-3.610836	-13.563770	7.516940	9.430541	-3.505450	-8.090206	-2.109986	0.337565
785	3	-2.445426	-3.223278	-8.696116	-5.166390	6.820987	5.860082	-14.576696	-5.166390	-5.735462	-9.551484	2.351432	6.588326
786	3	-1.231914	-9.874663	8.277612	6.601385	-1.231897	-3.410362	7.819613	0.576577	6.122842	5.932370	-4.770218	-2.343095
788	3	-4.535657	-6.300318	7.881577	8.247894	0.494051	-2.782590	-3.444671	-2.358111	1.821805	2.331600	-3.446091	-2.358312
791	3	7.588666	7.025779	-12.877863	-4.397697	-2.665051	-0.414503	-7.074221	-4.224017	1.321470	4.804775	-7.074544	-4.224054
792	3	6.756662	7.321814	-10.529078	-4.634501	-3.982667	-5.013534	-6.014084	-4.634431	-3.982667	-11.298839	5.485327	7.519324
796	3	-4.527931	-3.744726	-4.273265	-2.843818	-4.527931	-10.502685	3.996360	6.673291	4.841566	4.022340	-9.679273	-5.103936
804	3	-4.112772	-8.103381	-4.981411	-6.047971	-4.112772	-12.982943	5.623791	6.051357	6.916009	3.182080	-8.229673	-6.047971
806	3	7.766981	5.748997	-10.479194	-3.098780	-3.168784	-11.832292	4.069408	7.373855	-3.168784	-5.371744	-7.037613	-3.098525
807	3	-6.903909	-5.948892	6.699552	1.980254	-6.903919	-12.343624	8.734624	8.104428	-6.903909	-5.947619	-2.229022	-3.561057
808	3	9.420071	7.985643	-5.104503	-4.397341	8.546760	1.834566	5.711174	6.714716	3.231150	-5.313534	8.476013	6.770841
811	3	8.267942	3.962339	-7.346629	-7.264994	1.165377	-6.465651	-4.489087	-7.264994	1.164219	-12.795708	4.459543	5.446845
812	3	-4.655973	-2.413482	-4.934145	-4.929533	5.840660	6.317351	-7.374437	-5.383212	-4.655981	-7.151341	5.718929	6.492343
814	3	-3.627348	-4.413092	-4.671675	-3.342052	5.497475	7.532603	-10.811692	-3.342089	-3.627348	-10.089157	6.551507	5.938518
815	3	6.799349	2.564479	-3.865392	5.263077	-2.919808	-7.338927	7.554303	7.467194	6.799521	7.201501	-10.090629	0.912411
816	3	7.563823	4.371489	1.894870	5.363406	7.563849	7.571144	-9.353845	-6.399644	-4.146610	-1.406740	5.978505	6.036026
819	3	-4.676770	-2.411766	-3.833361	-4.767971	7.700150	5.957091	-9.567080	-4.768143	-4.679153	-8.820434	6.555988	6.999356
820	3	-6.715289	-6.301154	-5.708462	-4.084312	5.632143	5.642712	-10.278650	-4.084312	-6.716680	-7.916704	6.248711	4.653594
821	3	-3.166823	-4.273145	0.459168	-5.467295	7.827920	6.886033	-7.737954	-10.691849	-3.166823	-4.273144	-5.553492	-10.691843
823	3	5.739572	3.997773	-6.032843	-5.715016	-3.592596	-11.915980	5.440112	6.072884	-3.592592	-5.406514	-4.167612	-5.714846
826	3	5.085021	6.776692	-13.089387	-2.763965	-3.946794	-4.714537	4.330700	8.932181	-3.939356	-2.412011	-8.461886	-2.631584
827	3	4.630813	6.300805	-4.818153	-5.571728	4.601122	3.332382	4.641150	5.496322	-3.150985	-3.311277	7.092277	5.497059
829	3	-0.610288	5.864851	-5.921616	-4.752272	-3.052494	-2.773879	6.625482	7.219007	4.989943	7.722724	-7.497498	-4.752272
831	3	-2.531791	-4.175619	-5.403325	-3.554280	7.072450	6.557037	-11.745298	-3.554280	-2.531791	-9.162820	3.855534	5.486165
832	3	0.019137	2.889681	-6.315295	-7.499780	5.383885	7.975249	-9.023449	-7.499780	-3.658912	-9.488098	3.970362	5.084349
833	3	7.733837	7.004142	-16.068430	-4.296010	-2.173794	-7.332528	1.517749	7.273458	1.270210	-1.278124	-11.354421	-4.296010
835	3	5.959241	7.962501	-5.656182	-6.637853	-6.420658	-3.110453	5.996498	-0.725650	-6.420658	-8.718991	7.967566	5.108105
837	3	6.917929	5.470380	-11.927064	-2.181742	-0.621673	-9.254011	6.484116	6.614467	-0.619017	-3.125542	-5.609975	-2.181742
838	3	0.539828	3.797697	5.737973	7.594119	0.594457	6.907952	-2.433966	-1.985333	6.251502	8.836244	-5.540154	-1.985600
840	3	8.124497	7.996578	-7.178809	-5.249684	-4.976700	-8.391488	7.701800	7.448752	-4.929781	-1.925933	-3.132245	-5.249684
845	3	-7.443799	-5.900722	-4.959764	-4.659538	4.217954	4.520965	-5.900100	-4.802325	-7.454516	-8.509429	5.876449	6.364728
846	3	0.121717	6.270846	-0.116871	-5.573769	-0.279378	3.523906	7.906515	7.009602	-3.633452	-2.260750	7.906577	7.009602
853	3	7.987668	7.694631	-7.524634	-3.935686	-2.452854	-7.655980	3.168725	6.530007	-2.429992	-3.484087	-4.298162	-3.935686
860	3	-3.404650	-11.993698	6.801193	7.297199	-3.404650	-5.805350	-3.259675	-2.826226	5.564700	4.182999	-9.734620	-2.826227
862	3	-4.281188	-5.473205	-3.779638	-8.188099	6.352548	6.637734	-10.273299	-8.189869	-4.281199	-5.670290	3.492185	3.739211
865	3	-5.804649	-8.193076	5.536191	7.320699	-5.696711	-2.061334	-4.299247	-4.537278	6.365097	8.570479	-8.901211	-4.538902
868	3	-2.842670	-5.613549	-4.762794	-5.863786	6.818051	4.701999	-10.987391	-5.863786	-2.842765	-7.900330	3.735968	6.132474
870	3	-5.479525	-9.229247	5.672365	6.622204	6.761253	2.376871	-4.731261	4.447795	6.714900	2.317052	0.879902	4.591105
872	3	0.119598	-7.814574	-3.726239	-5.749213	8.218700	5.064418	-9.122349	-5.749325	0.117326	-13.298934	8.472094	6.434064
874	3	0.055559	5.930604	-4.091296	-4.800060	5.957763	7.138966	-8.157251	-4.800060	-3.235986	-8.387251	4.328365	6.088610
879	3	7.570257	6.531929	-9.732579	-2.626517	-4.486816	-6.518226	4.237201	6.030211	-4.485120	-4.219053	-2.088344	-2.504658
882	3	7.170580	7.333592	-11.302373	-3.779781	-4.866393	-7.884214	6.237962	6.144247	-4.846804	-4.206691	-4.980691	-3.779780
883	3	-5.948981	-6.073257	-2.080445	-2.971874	4.578400	6.106315	-4.752957	-2.971874	-5.948985	-10.382874	6.546764	6.326820
884	3	-2.704120	-5.978754	6.905490	6.982519	7.975535	2.430490	2.099974	6.163210	8.750533	8.643066	-9.931846	-1.448676
886	3	5.387667	6.227204	-8.423690	-6.359430	-6.015253	-2.815222	2.385073	-1.820120	-6.015253	-2.815222	-3.252599	-5.488498
887	3	8.297699	6.414090	-9.432888	-2.498802	-2.260216	-6.368922	-5.132146	-2.498802	-2.390435	-12.046865	6.988505	6.227577
888	3	-3.443291	-1.976112	6.460782	8.768010	6.143120	3.940173	1.907187	7.241394	6.350831	8.053574	0.119447	0.138091
889	3	-1.640075	-3.241201	-4.195779	-0.613009	-2.142185	-9.695864	7.168777	8.977175	6.011795	5.730592	-10.810065	-1.282267
890	3	-5.488188	-11.041424	5.884742	7.521996	7.437251	7.514936	-10.753673	-3.108457	-5.488184	-4.220979	-4.211645	-1.844432
892	3	-5.988085	-5.699077	2.447334	-1.642121	-5.988103	-8.445855	6.061853	5.935638	5.953080	7.045828	-6.001325	-5.455431
895	3	8.490134	6.654976	-10.868845	-5.233640	-3.350903	-7.495346	6.578505	4.827111	-3.350893	-5.391767	-5.172966	-5.233600
901	3	-4.889677	-11.391697	6.060349	6.937295	-4.889677	-5.665209	4.655118	0.808276	6.132582	6.691357	-4.158232	-4.986156
906	3	-3.333741	2.984558	-8.214775	-3.566592	-8.601586	-4.661390	4.345496	6.423092	3.516119	4.456332	-8.370389	-3.566592
907	3	6.356291	6.868164	-12.753008	-3.443778	-3.197526	-1.602974	-6.345780	-3.442842	-3.197551	-5.203224	4.228383	7.718826
908	3	-7.773082	-5.997893	-5.055446	-0.536410	-7.773082	-11.476131	5.358867	5.783611	5.337635	6.061903	-9.687786	-0.536410
911	3	7.837932	7.962943	-4.765133	-2.519435	-4.809609	-4.526152	6.450276	6.725074	0.457781	2.161582	6.450220	6.725074
913	3	0.899249	2.284036	7.734620	5.102931	0.925492	3.515857	-2.860117	-5.441474	5.894092	6.244982	-8.694786	-5.533121
917	3	7.905041	7.121580	-4.737944	-4.813963	-3.798032	-7.953142	7.683424	6.860662	-3.598103	0.962482	4.594129	0.769110
920	3	-1.309742	-5.893706	-5.737797	-3.045719	5.850413	6.299857	-9.614530	-3.045719	-1.309766	-8.358209	5.587406	8.934307
927	3	8.106656	6.696501	-6.870962	-2.283263	-4.031323	-8.321802	6.885880	8.042792	-2.277291	-2.303895	-3.702565	-2.283263
929	3	-2.983080	-4.316710	-8.023977	-2.736606	6.899845	4.862470	-11.790178	-2.736606	-2.983146	-8.289507	2.977252	8.521906
930	3	-1.497323	-4.333630	-0.243769	-6.755988	-1.497323	-10.192940	7.707952	5.263652	6.238537	4.618835	-10.406792	-6.759325
933	3	-5.006318	-3.916546	3.524242	-0.123938	-5.006318	-3.916443	-2.990628	-5.839936	-5.006318	-7.616270	7.629617	5.735887
935	3	-0.315043	-8.344898	-3.287104	-4.726671	-0.315043	-14.505557	7.542411	6.001084	6.034837	4.211273	-4.646892	-5.560986
937	3	-6.502665	-6.332211	-1.443968	2.360257	-6.502665	-11.631247	7.231600	8.808097	-6.502665	-6.326940	-1.484555	-4.092256
941	3	-5.391629	-11.376123	5.611190	8.145354	6.728549	6.228318	-8.379555	-0.875642	-5.391629	-5.668050	-2.520668	-0.874889
942	3	7.144301	6.741083	-14.827595	-9.651843	-1.880478	-3.506168	-11.238922	-9.651817	1.960323	5.077376	-12.102171	-9.651836
944	3	7.151545	6.376177	-12.091305	-3.233524	2.149557	4.231482	-7.518836	-3.232199	-1.806743	-7.966821	5.181881	5.847666
946	3	8.989946	8.212610	-10.344055	-1.462413	-1.954961	-6.834032	6.326815	6.019208	-1.686842	-2.430893	-4.467831	-1.462400
947	3	-7.577480	-3.429433	-4.142282	-8.009114	0.261749	2.710268	-4.162391	-8.009436	-7.578367	-8.262586	5.612730	3.347873
949	3	6.493667	5.579124	-8.158769	-6.183733	-2.899833	-1.117372	0.822872	-4.762325	-2.921707	-4.944830	6.813013	6.044523
950	3	-5.574602	-10.453241	7.719851	6.365689	-1.522283	1.876416	-4.604547	-5.462536	5.025053	6.856054	-6.524982	-5.462536
952	3	5.656131	5.815132	-1.965471	-3.162500	-1.902369	-6.278019	4.331096	-1.028869	-2.413015	-9.108618	8.046128	5.144222
955	3	5.791972	7.243678	-11.109542	-6.959908	-6.059567	-4.197057	-6.032728	-6.389291	-6.070911	-4.588860	5.562776	3.907660
957	3	8.964626	6.481399	-7.358929	4.869663	-3.536939	-7.726791	-2.104463	5.708964	-3.536939	-10.379309	4.495666	9.017156
963	3	8.249848	6.194281	-10.544668	-4.997151	-4.826570	-4.944369	-4.214220	-4.997151	-4.826570	-9.454092	8.260705	5.365758
964	3	-2.227704	-3.513792	-3.094154	-6.799845	8.617848	7.205577	-7.576543	-6.799845	-3.047144	-8.664793	4.643310	5.525026
966	3	6.087297	7.923097	-8.605831	-7.143623	-5.429817	-1.138672	2.780438	-1.813454	-5.643177	-1.372637	6.651170	3.530167
974	3	-4.950797	-2.581084	-1.851004	-4.354839	-4.956316	-3.367719	7.073156	5.250422	6.202740	6.970119	-5.842365	-4.365946
981	3	-2.247980	-9.846170	6.057611	4.744365	-2.247953	-5.257237	-2.444908	-5.314394	5.317183	5.592437	-5.625088	-5.314500
985	3	5.453531	3.041997	4.342793	8.322895	-4.334826	-7.995029	6.370361	8.322895	5.573646	6.754745	-1.716581	-2.983612
987	3	7.060752	6.617053	-8.015155	-4.507503	-4.970925	-6.693652	5.912792	6.523928	1.592718	6.487999	-2.126347	-4.215678
988	3	9.025841	6.211210	-14.343323	-3.003685	-3.160332	-6.284633	-9.858804	-3.003685	-3.378779	-11.670622	3.020747	8.914205
989	3	9.644754	7.395506	-13.050933	1.270862	9.644754	7.395519	-13.051392	-4.019155	4.081784	-2.882824	4.285522	6.612226
990	3	-5.819514	-10.937340	3.839988	5.435656	6.429089	6.321208	-13.811081	-3.956994	-5.814167	-5.354680	-7.656307	-3.956994
991	3	-2.564727	-11.451130	6.970966	5.756238	-2.557817	-5.042727	-3.937507	-5.447158	5.607426	6.780642	-7.894074	-5.447165
992	3	-4.806198	-2.350416	-4.390368	-4.375521	-4.810578	-4.366784	6.081409	6.092080	5.699095	6.596586	-8.781701	-4.375521
994	3	-3.599142	-3.495870	0.595497	-5.671016	6.855661	5.952305	-9.637193	-6.744674	-5.033063	-6.884017	6.388331	4.701381
995	3	3.158127	6.980620	-6.730201	-4.245551	4.789489	6.980948	-6.737480	-4.245551	0.895463	-6.417765	2.683324	6.470946
999	3	5.150581	5.357292	-6.155368	-3.543035	-7.176822	-6.284393	-2.244590	-3.542792	-7.544618	-10.686856	8.027545	7.341838
